Date,Open,High,Low,Close,Volume,Adj Close
2015-12-31,2.72,2.77,2.71,2.77,1324100,2.760541
2015-12-30,2.69,2.77,2.67,2.76,1902000,2.750576
2015-12-29,2.79,2.82,2.72,2.80,1954100,2.790439
2015-12-28,2.76,2.78,2.68,2.70,1915600,2.690781
2015-12-24,2.89,2.93,2.89,2.93,894700,2.919995
2015-12-23,2.80,2.89,2.80,2.86,2705400,2.850234
2015-12-22,2.71,2.85,2.70,2.80,2947100,2.790439
2015-12-21,2.78,2.85,2.73,2.75,3568700,2.74061
2015-12-18,2.62,2.73,2.61,2.65,6233700,2.640951
2015-12-17,2.64,2.71,2.59,2.64,4269600,2.630985
2015-12-16,2.65,2.83,2.63,2.81,8338900,2.800405
2015-12-15,2.65,2.72,2.59,2.60,6843100,2.591122
2015-12-14,2.72,2.73,2.60,2.63,6149400,2.62102
2015-12-11,2.77,2.84,2.72,2.74,7391800,2.730644
2015-12-10,2.58,2.80,2.58,2.65,10928400,2.640951
2015-12-09,2.58,2.60,2.47,2.55,5917500,2.541293
2015-12-08,2.52,2.58,2.48,2.51,4255200,2.501429
2015-12-07,2.52,2.58,2.47,2.49,4328200,2.481498
2015-12-04,2.46,2.57,2.42,2.52,19029800,2.511395
2015-12-03,2.45,2.51,2.42,2.46,2640000,2.4516
2015-12-02,2.49,2.51,2.39,2.41,3080300,2.401771
2015-12-01,2.46,2.61,2.41,2.55,4868900,2.541293
2015-11-30,2.48,2.56,2.48,2.53,3009600,2.521361
2015-11-27,2.38,2.52,2.37,2.42,1706700,2.411737
2015-11-25,2.44,2.49,2.40,2.44,2319200,2.431668
2015-11-24,2.50,2.56,2.47,2.53,3534800,2.521361
2015-11-23,2.44,2.45,2.36,2.37,2592500,2.361907
2015-11-20,2.58,2.59,2.42,2.50,5404000,2.491463
2015-11-19,2.17,2.65,2.17,2.56,9721300,2.551258
2015-11-18,2.12,2.22,2.04,2.17,3962300,2.16259
2015-11-17,2.20,2.23,2.06,2.08,4205700,2.072897
2015-11-16,2.31,2.33,2.22,2.25,3869500,2.242317
2015-11-13,2.28,2.34,2.28,2.30,1618000,2.292146
2015-11-12,2.30,2.41,2.27,2.36,2724000,2.351941
2015-11-11,2.34,2.39,2.33,2.35,1986400,2.341976
2015-11-10,2.36,2.45,2.33,2.37,2460200,2.361907
2015-11-09,2.39,2.43,2.31,2.42,5015000,2.411737
2015-11-06,2.42,2.52,2.37,2.42,5165900,2.411737
2015-11-05,2.57,2.62,2.47,2.49,9190600,2.481498
2015-11-04,2.67,2.71,2.51,2.53,3702900,2.521361
2015-11-03,2.65,2.72,2.60,2.66,4277600,2.650917
2015-11-02,2.62,2.68,2.53,2.62,3951300,2.611054
2015-10-30,2.58,2.66,2.53,2.53,4188700,2.521361
2015-10-29,2.67,2.71,2.52,2.53,4900400,2.521361
2015-10-28,2.88,2.92,2.61,2.67,7093100,2.660883
2015-10-27,2.77,2.87,2.76,2.83,2162800,2.820337
2015-10-26,2.89,2.91,2.78,2.78,2668700,2.770507
2015-10-23,2.83,2.94,2.74,2.89,4290100,2.880132
2015-10-22,2.75,2.83,2.73,2.79,2443600,2.780473
2015-10-21,2.88,2.88,2.70,2.72,3688900,2.710712
2015-10-20,2.81,2.94,2.81,2.89,10167700,2.880132
2015-10-19,2.91,2.95,2.76,2.78,6711600,2.770507
2015-10-16,3.06,3.11,2.92,2.93,6673600,2.919995
2015-10-15,3.07,3.13,3.03,3.05,16016300,3.039585
2015-10-14,3.06,3.12,2.99,3.08,15146600,3.069483
2015-10-13,2.89,3.03,2.85,2.92,3946800,2.910029
2015-10-12,3.05,3.09,2.91,2.96,12597000,2.949893
2015-10-09,2.98,3.02,2.95,3.01,11452100,2.999722
2015-10-08,2.92,2.99,2.84,2.85,13831900,2.840268
2015-10-07,2.94,2.96,2.87,2.92,6944100,2.910029
2015-10-06,2.95,2.98,2.81,2.94,10271800,2.929961
2015-10-05,2.85,2.93,2.79,2.90,11235500,2.890098
2015-10-02,2.65,2.85,2.64,2.84,4475200,2.830302
2015-10-01,2.67,2.74,2.53,2.56,4734700,2.551258
2015-09-30,2.49,2.70,2.49,2.66,4981500,2.650917
2015-09-29,2.55,2.62,2.52,2.53,2769000,2.521361
2015-09-28,2.59,2.59,2.46,2.52,4418600,2.511395
2015-09-25,2.68,2.75,2.67,2.69,3461700,2.680815
2015-09-24,2.56,2.70,2.55,2.69,4991400,2.680815
2015-09-23,2.62,2.62,2.47,2.50,2403200,2.491463
2015-09-22,2.65,2.67,2.52,2.53,4641400,2.521361
2015-09-21,2.81,2.82,2.67,2.68,4827100,2.670849
2015-09-18,2.82,2.90,2.79,2.87,17957700,2.8602
2015-09-17,2.77,2.87,2.72,2.80,13778300,2.790439
2015-09-16,2.76,2.77,2.68,2.75,13263300,2.74061
2015-09-15,2.66,2.74,2.62,2.67,4364300,2.660883
2015-09-14,2.61,2.72,2.52,2.66,4142900,2.650917
2015-09-11,2.78,2.82,2.35,2.75,8090700,2.74061
2015-09-10,2.92,2.97,2.83,2.91,8984000,2.900064
2015-09-09,2.81,2.91,2.80,2.81,6510800,2.800405
2015-09-08,2.88,2.91,2.80,2.86,5493200,2.847244
2015-09-04,2.84,2.92,2.75,2.89,3714800,2.877111
2015-09-03,2.83,3.02,2.78,2.86,4673200,2.847244
2015-09-02,2.90,2.92,2.75,2.84,4436600,2.827334
2015-09-01,3.20,3.26,2.97,2.99,5157000,2.976665
2015-08-31,3.20,3.28,3.10,3.23,5564400,3.215594
2015-08-28,3.06,3.27,3.04,3.23,4965100,3.215594
2015-08-27,2.70,3.11,2.67,3.09,6047200,3.076219
2015-08-26,2.82,2.90,2.72,2.72,4607400,2.707869
2015-08-25,3.36,3.41,2.80,2.82,8124800,2.807423
2015-08-24,3.52,3.60,3.19,3.19,8529600,3.175773
2015-08-21,3.76,3.86,3.47,3.55,10840100,3.534167
2015-08-20,3.25,3.62,3.20,3.55,11915100,3.534167
2015-08-19,2.87,3.07,2.82,3.05,5827900,3.036397
2015-08-18,2.76,2.84,2.72,2.78,3346700,2.767601
2015-08-17,2.75,2.83,2.70,2.79,4148100,2.777557
2015-08-14,2.75,2.78,2.62,2.65,2049300,2.638181
2015-08-13,2.87,2.91,2.61,2.70,7614700,2.687958
2015-08-12,2.87,3.05,2.85,3.04,5915800,3.026442
2015-08-11,2.67,2.79,2.62,2.78,4327200,2.767601
2015-08-10,2.59,2.67,2.48,2.65,3681200,2.638181
2015-08-07,2.53,2.64,2.46,2.48,4131400,2.468939
2015-08-06,2.47,2.54,2.44,2.46,3779200,2.449028
2015-08-05,2.55,2.57,2.42,2.42,3029900,2.409207
2015-08-04,2.56,2.59,2.49,2.52,2864400,2.508761
2015-08-03,2.58,2.61,2.48,2.53,4703100,2.518716
2015-07-31,2.72,2.77,2.65,2.76,4189300,2.74769
2015-07-30,2.69,2.73,2.58,2.60,4118500,2.588404
2015-07-29,2.75,2.85,2.70,2.79,3458100,2.777557
2015-07-28,2.80,2.87,2.71,2.75,4683500,2.737735
2015-07-27,2.84,3.05,2.81,2.88,5428500,2.867155
2015-07-24,2.77,2.96,2.69,2.92,6274500,2.906977
2015-07-23,2.99,2.99,2.76,2.81,6011000,2.797467
2015-07-22,2.86,2.99,2.82,2.95,4605200,2.936843
2015-07-21,2.90,3.01,2.84,2.88,4970800,2.867155
2015-07-20,2.82,2.92,2.71,2.84,7025400,2.827334
2015-07-17,3.07,3.09,3.01,3.08,5377100,3.066263
2015-07-16,3.13,3.18,3.09,3.10,2102100,3.086174
2015-07-15,3.16,3.24,3.11,3.12,3019000,3.106085
2015-07-14,3.13,3.20,3.12,3.12,2432100,3.106085
2015-07-13,3.11,3.27,3.10,3.12,4632900,3.106085
2015-07-10,3.15,3.18,3.02,3.07,5344500,3.056308
2015-07-09,3.15,3.16,3.02,3.15,6211300,3.135951
2015-07-08,3.20,3.25,3.06,3.07,3889100,3.056308
2015-07-07,3.23,3.33,3.16,3.16,6970200,3.145907
2015-07-06,3.15,3.26,3.13,3.25,5050900,3.235505
2015-07-02,3.06,3.16,3.04,3.15,3663600,3.135951
2015-07-01,3.18,3.20,3.00,3.00,4781900,2.98662
2015-06-30,3.21,3.30,3.18,3.23,5598300,3.215594
2015-06-29,3.29,3.37,3.20,3.21,5015900,3.195684
2015-06-26,3.18,3.31,3.18,3.26,4241700,3.24546
2015-06-25,3.17,3.20,3.15,3.17,1848400,3.155862
2015-06-24,3.13,3.23,3.13,3.17,5214300,3.155862
2015-06-23,3.14,3.19,3.10,3.12,3803000,3.106085
2015-06-22,3.11,3.21,3.10,3.19,3309000,3.175773
2015-06-19,3.20,3.31,3.14,3.15,12913200,3.135951
2015-06-18,3.28,3.30,3.17,3.20,6134500,3.185728
2015-06-17,3.05,3.18,3.01,3.18,4703700,3.165817
2015-06-16,3.12,3.15,3.05,3.07,4263400,3.056308
2015-06-15,3.16,3.20,3.11,3.14,4827000,3.125996
2015-06-12,3.21,3.25,3.15,3.16,2683300,3.145907
2015-06-11,3.26,3.26,3.20,3.21,1869300,3.195684
2015-06-10,3.34,3.35,3.25,3.27,4233900,3.255416
2015-06-09,3.31,3.33,3.20,3.23,3594300,3.215594
2015-06-08,3.25,3.25,3.12,3.24,2306100,3.22555
2015-06-05,3.14,3.21,3.12,3.19,3781400,3.175773
2015-06-04,3.29,3.33,3.24,3.27,3460200,3.255416
2015-06-03,3.49,3.50,3.38,3.38,4643200,3.364925
2015-06-02,3.39,3.56,3.38,3.55,4469100,3.534167
2015-06-01,3.45,3.49,3.30,3.32,2814100,3.305193
2015-05-29,3.46,3.49,3.41,3.41,1973700,3.394792
2015-05-28,3.32,3.46,3.31,3.46,2711400,3.444569
2015-05-27,3.34,3.40,3.30,3.34,4041600,3.325104
2015-05-26,3.36,3.43,3.32,3.36,4307100,3.345014
2015-05-22,3.55,3.57,3.44,3.46,3032000,3.444569
2015-05-21,3.56,3.59,3.52,3.54,2810400,3.524212
2015-05-20,3.57,3.63,3.55,3.58,4890200,3.564033
2015-05-19,3.65,3.69,3.61,3.62,5446100,3.603855
2015-05-18,3.83,3.90,3.76,3.82,2804600,3.802963
2015-05-15,3.75,3.94,3.75,3.84,4116400,3.822874
2015-05-14,3.84,3.88,3.79,3.86,5209000,3.842784
2015-05-13,3.81,3.95,3.76,3.86,7721900,3.842784
2015-05-12,3.58,3.67,3.54,3.66,4541700,3.643677
2015-05-11,3.56,3.70,3.54,3.68,4824500,3.663587
2015-05-08,3.68,3.75,3.62,3.71,5732800,3.693454
2015-05-07,3.77,3.91,3.55,3.71,12030100,3.693454
2015-05-06,4.31,4.34,4.11,4.12,3827400,4.101625
2015-05-05,4.56,4.58,4.36,4.40,2943900,4.380376
2015-05-04,4.42,4.49,4.34,4.41,1884600,4.390331
2015-05-01,4.55,4.55,4.35,4.41,3145700,4.390331
2015-04-30,4.44,4.60,4.35,4.57,4229200,4.549618
2015-04-29,4.55,4.68,4.42,4.62,4537200,4.599395
2015-04-28,4.47,4.54,4.43,4.49,4801600,4.469974
2015-04-27,4.15,4.35,4.14,4.32,3319600,4.300733
2015-04-24,4.24,4.26,4.09,4.10,3842900,4.081714
2015-04-23,4.28,4.34,4.23,4.29,3485400,4.270867
2015-04-22,4.42,4.43,4.19,4.19,3544400,4.171313
2015-04-21,4.25,4.43,4.23,4.41,3496900,4.390331
2015-04-20,4.10,4.30,4.09,4.24,4612500,4.221089
2015-04-17,4.07,4.14,4.00,4.02,3947100,4.002071
2015-04-16,4.32,4.33,4.01,4.02,6740700,4.002071
2015-04-15,4.35,4.42,4.30,4.37,4337400,4.35051
2015-04-14,4.31,4.42,4.23,4.29,2510800,4.270867
2015-04-13,4.24,4.33,4.23,4.28,1563300,4.260912
2015-04-10,4.24,4.29,4.16,4.29,2891400,4.270867
2015-04-09,4.01,4.08,3.98,4.03,2630300,4.012027
2015-04-08,4.23,4.26,4.06,4.09,3149400,4.071759
2015-04-07,4.42,4.43,4.21,4.22,2496100,4.201179
2015-04-06,4.35,4.48,4.31,4.47,2374700,4.450064
2015-04-02,4.27,4.32,4.15,4.23,2662500,4.211134
2015-04-01,4.03,4.30,4.01,4.25,3996600,4.231045
2015-03-31,4.20,4.28,4.01,4.01,4263600,3.992116
2015-03-30,4.24,4.33,4.15,4.15,2580400,4.131491
2015-03-27,4.32,4.50,4.26,4.37,4976900,4.35051
2015-03-26,4.53,4.53,4.31,4.38,4008900,4.360465
2015-03-25,4.46,4.48,4.39,4.39,2953800,4.370421
2015-03-24,4.47,4.50,4.31,4.38,3368000,4.360465
2015-03-23,4.36,4.44,4.33,4.39,4093400,4.370421
2015-03-20,4.21,4.45,4.21,4.36,12348000,4.340555
2015-03-19,4.22,4.27,4.16,4.21,4627000,4.191224
2015-03-18,3.83,4.21,3.83,4.16,4747500,4.141446
2015-03-17,3.74,3.91,3.68,3.82,4433000,3.802963
2015-03-16,3.74,3.78,3.64,3.74,2639900,3.72332
2015-03-13,3.79,3.79,3.65,3.69,2610700,3.673543
2015-03-12,3.85,3.93,3.76,3.81,3847100,3.793007
2015-03-11,3.74,3.88,3.69,3.86,4563300,3.842784
2015-03-10,3.67,3.82,3.65,3.71,4338200,3.693454
2015-03-09,3.78,3.82,3.63,3.66,3683500,3.643677
2015-03-06,4.06,4.08,3.77,3.83,5054800,3.812918
2015-03-05,4.20,4.28,4.17,4.19,2085700,4.171313
2015-03-04,4.23,4.26,4.17,4.20,2358000,4.181268
2015-03-03,4.31,4.37,4.22,4.23,3681800,4.19421
2015-03-02,4.59,4.60,4.29,4.34,5606900,4.303279
2015-02-27,4.65,4.71,4.61,4.65,4618400,4.610656
2015-02-26,4.63,4.70,4.58,4.61,5504900,4.570995
2015-02-25,4.42,4.48,4.39,4.41,3639600,4.372687
2015-02-24,4.32,4.42,4.30,4.34,3470400,4.303279
2015-02-23,4.24,4.39,4.23,4.36,4310800,4.32311
2015-02-20,4.39,4.43,4.25,4.26,4999100,4.223956
2015-02-19,4.48,4.51,4.26,4.29,4694500,4.253702
2015-02-18,4.43,4.49,4.29,4.46,4858200,4.422264
2015-02-17,4.64,4.65,4.38,4.39,6181000,4.352856
2015-02-13,4.97,5.00,4.78,4.83,6039200,4.789133
2015-02-12,5.15,5.25,4.92,5.04,11985600,4.997357
2015-02-11,5.54,5.63,5.46,5.47,3637100,5.423718
2015-02-10,5.57,5.61,5.51,5.51,3521800,5.46338
2015-02-09,5.62,5.75,5.60,5.65,3589900,5.602195
2015-02-06,5.63,5.82,5.56,5.58,7469500,5.532788
2015-02-05,5.75,5.87,5.70,5.83,4457200,5.780672
2015-02-04,5.81,5.93,5.74,5.88,3829700,5.830249
2015-02-03,5.83,5.92,5.71,5.74,5332400,5.691434
2015-02-02,5.78,6.01,5.74,5.97,5337600,5.919488
2015-01-30,5.60,5.90,5.55,5.90,8836100,5.85008
2015-01-29,5.47,5.70,5.44,5.67,5927600,5.622026
2015-01-28,5.61,5.80,5.57,5.64,5755100,5.59228
2015-01-27,5.56,5.77,5.53,5.74,6031900,5.691434
2015-01-26,5.28,5.51,5.17,5.50,7042500,5.453465
2015-01-23,5.52,5.59,5.36,5.37,7360100,5.324564
2015-01-22,5.72,5.77,5.60,5.63,5393800,5.582365
2015-01-21,5.81,5.83,5.52,5.72,10033100,5.671603
2015-01-20,5.80,5.84,5.64,5.72,12402400,5.671603
2015-01-16,5.72,5.86,5.64,5.73,8941000,5.681518
2015-01-15,5.72,5.95,5.65,5.69,8777600,5.641857
2015-01-14,5.60,5.69,5.29,5.49,9163200,5.443549
2015-01-13,6.00,6.00,5.53,5.57,9137600,5.522872
2015-01-12,5.61,6.00,5.56,5.96,9534100,5.909572
2015-01-09,5.25,5.56,5.25,5.54,6985900,5.493126
2015-01-08,5.28,5.46,5.15,5.20,5341100,5.156003
2015-01-07,5.12,5.41,5.08,5.31,6051800,5.265072
2015-01-06,5.03,5.26,5.03,5.24,11901000,5.195664
2015-01-05,4.65,4.99,4.65,4.99,5171900,4.947779
2015-01-02,4.43,4.68,4.41,4.65,4026800,4.610656
2014-12-31,4.47,4.57,4.42,4.53,2962600,4.491672
2014-12-30,4.52,4.62,4.49,4.51,3764400,4.471841
2014-12-29,4.48,4.50,4.39,4.43,2958600,4.392518
2014-12-26,4.34,4.55,4.34,4.49,2966500,4.45201
2014-12-24,4.12,4.42,4.12,4.37,2225000,4.333025
2014-12-23,4.18,4.42,4.16,4.24,4200300,4.204125
2014-12-22,4.37,4.47,4.17,4.20,7189800,4.164464
2014-12-19,4.30,4.37,4.25,4.36,26904400,4.32311
2014-12-18,4.40,4.48,4.32,4.46,6592700,4.422264
2014-12-17,4.20,4.31,4.07,4.29,9371100,4.253702
2014-12-16,4.19,4.25,3.95,3.96,7410900,3.926494
2014-12-15,4.33,4.42,4.04,4.04,7466700,4.005818
2014-12-12,4.37,4.43,4.27,4.29,5905100,4.253702
2014-12-11,4.41,4.52,4.32,4.46,7533900,4.422264
2014-12-10,4.54,4.66,4.33,4.34,6085300,4.303279
2014-12-09,4.36,4.55,4.35,4.49,4542300,4.45201
2014-12-08,4.18,4.34,4.05,4.26,5291800,4.223956
2014-12-05,4.27,4.32,4.16,4.18,4645400,4.144633
2014-12-04,4.37,4.43,4.31,4.33,3994800,4.293364
2014-12-03,4.37,4.45,4.34,4.39,5357300,4.352856
2014-12-02,4.33,4.50,4.24,4.40,5409100,4.362772
2014-12-01,4.06,4.48,4.06,4.48,6854300,4.442095
2014-11-28,4.34,4.35,4.10,4.10,4966400,4.06531
2014-11-26,4.48,4.63,4.43,4.55,3970600,4.511503
2014-11-25,4.26,4.54,4.26,4.53,5771100,4.491672
2014-11-24,4.33,4.42,4.30,4.34,4432900,4.303279
2014-11-21,4.33,4.50,4.30,4.42,7358800,4.382602
2014-11-20,4.30,4.44,4.15,4.15,8297700,4.114887
2014-11-19,4.34,4.47,4.07,4.09,8342100,4.055395
2014-11-18,4.10,4.39,4.09,4.35,7807400,4.313195
2014-11-17,3.83,4.04,3.76,4.04,4761000,4.005818
2014-11-14,3.66,3.95,3.64,3.93,7745300,3.896748
2014-11-13,3.67,3.75,3.64,3.72,7741200,3.688525
2014-11-12,3.67,3.79,3.58,3.67,3663200,3.638948
2014-11-11,3.55,3.78,3.55,3.70,4275500,3.668694
2014-11-10,3.62,3.65,3.47,3.52,7403700,3.490217
2014-11-07,3.45,3.70,3.44,3.69,6097900,3.658779
2014-11-06,3.25,3.49,3.25,3.38,5995300,3.351402
2014-11-05,3.20,3.30,3.09,3.15,5362900,3.123348
2014-11-04,3.34,3.39,3.25,3.28,4977300,3.252248
2014-11-03,3.26,3.40,3.20,3.36,5706800,3.331571
2014-10-31,3.30,3.35,3.11,3.19,10214000,3.163009
2014-10-30,3.60,3.61,3.43,3.48,6304200,3.450556
2014-10-29,3.71,3.83,3.61,3.61,3444800,3.579456
2014-10-28,3.70,3.75,3.65,3.73,2020300,3.69844
2014-10-27,3.65,3.79,3.61,3.69,6107800,3.658779
2014-10-24,3.64,3.72,3.61,3.63,3547400,3.599287
2014-10-23,3.55,3.63,3.48,3.61,4361400,3.579456
2014-10-22,3.73,3.73,3.57,3.57,3891000,3.539794
2014-10-21,3.82,3.84,3.66,3.67,3411800,3.638948
2014-10-20,3.78,3.80,3.64,3.78,4179500,3.748017
2014-10-17,3.93,3.94,3.69,3.69,4289100,3.658779
2014-10-16,3.89,4.05,3.80,3.87,4914500,3.837256
2014-10-15,4.04,4.15,3.92,3.97,5252900,3.93641
2014-10-14,3.99,4.16,3.96,4.11,7182900,4.075225
2014-10-13,3.83,4.07,3.83,4.01,6472300,3.976072
2014-10-10,3.92,4.02,3.76,3.77,4739500,3.738102
2014-10-09,3.98,3.98,3.73,3.90,8406500,3.867002
2014-10-08,3.76,4.01,3.57,3.93,7066000,3.896748
2014-10-07,3.88,3.90,3.66,3.67,4306400,3.638948
2014-10-06,3.80,3.89,3.78,3.89,2319900,3.857087
2014-10-03,3.94,3.97,3.74,3.75,7456000,3.718271
2014-10-02,4.06,4.12,4.03,4.10,6117300,4.06531
2014-10-01,3.92,4.06,3.90,3.99,3668100,3.956241
2014-09-30,3.92,3.99,3.89,3.90,5265100,3.867002
2014-09-29,4.04,4.07,3.98,3.98,2630300,3.946325
2014-09-26,4.05,4.12,4.05,4.07,2352500,4.035564
2014-09-25,4.04,4.15,4.00,4.12,5703700,4.085141
2014-09-24,4.08,4.26,4.08,4.17,3206600,4.134718
2014-09-23,4.15,4.24,4.13,4.22,2977000,4.184294
2014-09-22,4.22,4.22,4.05,4.08,6121900,4.045479
2014-09-19,4.18,4.27,4.14,4.26,6980000,4.223956
2014-09-18,4.20,4.29,4.16,4.26,4205700,4.223956
2014-09-17,4.38,4.47,4.29,4.30,6820600,4.263618
2014-09-16,4.40,4.52,4.36,4.45,4114900,4.412348
2014-09-15,4.36,4.45,4.34,4.41,4867300,4.372687
2014-09-12,4.29,4.37,4.26,4.35,6759900,4.313195
2014-09-11,4.22,4.39,4.20,4.39,9574600,4.352856
2014-09-10,4.37,4.41,4.28,4.29,5435700,4.253702
2014-09-09,4.30,4.54,4.28,4.50,6841900,4.443086
2014-09-08,4.48,4.48,4.27,4.33,6857400,4.275236
2014-09-05,4.50,4.51,4.38,4.45,6260100,4.393718
2014-09-04,4.67,4.72,4.49,4.50,5646800,4.443086
2014-09-03,4.78,4.85,4.64,4.67,5584800,4.610936
2014-09-02,4.70,4.83,4.69,4.73,20232200,4.670177
2014-08-29,4.68,4.94,4.66,4.84,6545800,4.778786
2014-08-28,4.59,4.67,4.59,4.63,3300000,4.571442
2014-08-27,4.51,4.56,4.46,4.48,4937000,4.423339
2014-08-26,4.32,4.48,4.30,4.46,5401200,4.403592
2014-08-25,4.24,4.27,4.22,4.25,2202600,4.196248
2014-08-22,4.21,4.27,4.19,4.25,3094900,4.196248
2014-08-21,4.18,4.23,4.11,4.16,3548700,4.107386
2014-08-20,4.17,4.30,4.15,4.23,4371600,4.176501
2014-08-19,4.20,4.21,4.09,4.11,2056400,4.058019
2014-08-18,4.11,4.23,4.11,4.19,4510600,4.137007
2014-08-15,4.14,4.20,4.11,4.16,6073100,4.107386
2014-08-14,4.18,4.28,4.17,4.21,17099900,4.156754
2014-08-13,4.13,4.23,4.11,4.18,16388800,4.127133
2014-08-12,4.19,4.28,4.11,4.11,15770100,4.058019
2014-08-11,4.06,4.19,4.04,4.17,4087000,4.11726
2014-08-08,4.01,4.13,3.99,4.13,5010900,4.077766
2014-08-07,4.01,4.04,3.93,4.04,1636300,3.988904
2014-08-06,4.04,4.09,4.00,4.04,3274600,3.988904
2014-08-05,4.01,4.06,3.91,4.05,2188900,3.998778
2014-08-04,3.95,4.07,3.90,4.05,4639700,3.998778
2014-08-01,3.94,3.99,3.89,3.98,2309600,3.929663
2014-07-31,3.93,3.96,3.88,3.94,2324600,3.890169
2014-07-30,4.00,4.06,3.97,4.01,1987500,3.959284
2014-07-29,4.09,4.09,3.98,4.04,1504200,3.988904
2014-07-28,4.02,4.10,4.02,4.07,4069900,4.018525
2014-07-25,3.84,4.09,3.83,4.04,5452600,3.988904
2014-07-24,3.86,3.87,3.75,3.77,2304400,3.722319
2014-07-23,3.91,3.98,3.86,3.86,1935000,3.811181
2014-07-22,3.91,3.94,3.86,3.86,1739900,3.811181
2014-07-21,3.96,3.98,3.87,3.95,1837100,3.900042
2014-07-18,3.93,3.99,3.89,3.99,2181300,3.939536
2014-07-17,3.88,4.00,3.82,3.98,3168400,3.929663
2014-07-16,3.82,3.89,3.81,3.82,2914100,3.771686
2014-07-15,3.91,3.93,3.78,3.80,5681700,3.751939
2014-07-14,3.90,3.94,3.82,3.85,2651400,3.801307
2014-07-11,3.97,4.09,3.96,4.05,3421100,3.998778
2014-07-10,4.06,4.09,3.97,4.02,9633200,3.969157
2014-07-09,3.85,4.04,3.85,4.03,4519300,3.979031
2014-07-08,3.69,3.85,3.67,3.85,4285100,3.801307
2014-07-07,3.68,3.71,3.62,3.62,2490000,3.574216
2014-07-03,3.68,3.69,3.62,3.67,2158800,3.623584
2014-07-02,3.68,3.79,3.68,3.70,4616000,3.653204
2014-07-01,3.72,3.77,3.66,3.67,3829000,3.623584
2014-06-30,3.57,3.74,3.54,3.72,5375500,3.672951
2014-06-27,3.63,3.64,3.55,3.60,3329400,3.554469
2014-06-26,3.63,3.66,3.53,3.60,3504100,3.554469
2014-06-25,3.64,3.69,3.62,3.65,5012900,3.603837
2014-06-24,3.79,3.80,3.58,3.59,5103700,3.544595
2014-06-23,3.75,3.80,3.70,3.75,4482800,3.702572
2014-06-20,3.81,3.85,3.68,3.76,4714200,3.712445
2014-06-19,3.70,3.84,3.67,3.84,7176900,3.791433
2014-06-18,3.61,3.65,3.53,3.65,2936900,3.603837
2014-06-17,3.54,3.59,3.52,3.58,1835700,3.534722
2014-06-16,3.62,3.64,3.53,3.54,2327800,3.495228
2014-06-13,3.59,3.64,3.55,3.62,2671700,3.574216
2014-06-12,3.58,3.63,3.56,3.61,3773500,3.564342
2014-06-11,3.64,3.67,3.56,3.64,1822200,3.593963
2014-06-10,3.62,3.67,3.62,3.64,1762200,3.593963
2014-06-09,3.57,3.64,3.55,3.57,1031800,3.524848
2014-06-06,3.54,3.59,3.51,3.59,1124900,3.544595
2014-06-05,3.50,3.56,3.48,3.53,1792300,3.485354
2014-06-04,3.50,3.55,3.47,3.47,1576800,3.426113
2014-06-03,3.54,3.56,3.47,3.48,2453900,3.435987
2014-06-02,3.48,3.54,3.46,3.50,1656400,3.455734
2014-05-30,3.51,3.54,3.46,3.54,3229100,3.495228
2014-05-29,3.48,3.54,3.45,3.51,2056400,3.465607
2014-05-28,3.61,3.64,3.49,3.53,3536900,3.485354
2014-05-27,3.81,3.81,3.63,3.64,4028000,3.593963
2014-05-23,3.89,3.94,3.84,3.91,2136700,3.860548
2014-05-22,3.96,4.00,3.90,3.90,1888600,3.850675
2014-05-21,3.93,3.96,3.90,3.91,1351400,3.860548
2014-05-20,3.93,3.96,3.87,3.89,1479600,3.840801
2014-05-19,4.00,4.04,3.97,3.97,1655600,3.919789
2014-05-16,3.94,3.98,3.90,3.90,1653900,3.850675
2014-05-15,3.93,3.97,3.90,3.93,1365100,3.880295
2014-05-14,3.96,3.99,3.92,3.93,1676700,3.880295
2014-05-13,3.96,3.99,3.92,3.92,1609600,3.870422
2014-05-12,3.98,4.03,3.94,3.99,2229800,3.939536
2014-05-09,4.03,4.05,3.95,3.97,1992900,3.919789
2014-05-08,4.05,4.14,4.03,4.10,3162500,4.048145
2014-05-07,4.13,4.15,4.04,4.05,2557500,3.998778
2014-05-06,4.23,4.24,4.10,4.14,1550600,4.087639
2014-05-05,4.25,4.26,4.14,4.21,2041300,4.156754
2014-05-02,4.14,4.21,4.11,4.20,2258800,4.14688
2014-05-01,4.13,4.20,4.07,4.16,1960500,4.107386
2014-04-30,4.11,4.25,4.10,4.23,3151500,4.176501
2014-04-29,4.11,4.22,4.08,4.18,2791300,4.127133
2014-04-28,4.28,4.29,4.20,4.24,2973100,4.186374
2014-04-25,4.08,4.33,4.06,4.32,4079100,4.265363
2014-04-24,4.03,4.12,4.03,4.03,3280000,3.979031
2014-04-23,3.99,4.15,3.98,4.11,2614600,4.058019
2014-04-22,3.97,4.01,3.92,3.98,4158300,3.929663
2014-04-21,3.89,3.98,3.77,3.91,5618300,3.860548
2014-04-17,4.04,4.05,3.93,3.94,3528500,3.890169
2014-04-16,4.00,4.10,3.99,4.06,4284000,4.008651
2014-04-15,3.93,4.07,3.89,4.03,5657300,3.979031
2014-04-14,4.09,4.16,4.05,4.08,3434100,4.028398
2014-04-11,4.10,4.16,4.03,4.05,3763300,3.998778
2014-04-10,4.11,4.16,4.02,4.05,4746700,3.998778
2014-04-09,4.01,4.15,3.96,4.07,4545600,4.018525
2014-04-08,3.89,3.98,3.89,3.96,3666700,3.909916
2014-04-07,3.82,3.89,3.76,3.80,3198500,3.751939
2014-04-04,3.91,3.93,3.79,3.81,3199800,3.761813
2014-04-03,3.78,3.86,3.76,3.85,2807800,3.801307
2014-04-02,3.87,3.88,3.78,3.81,5165300,3.761813
2014-04-01,3.75,3.77,3.66,3.71,5381100,3.663078
2014-03-31,3.87,3.89,3.66,3.69,5886400,3.643331
2014-03-28,3.91,3.96,3.85,3.90,5148500,3.850675
2014-03-27,3.87,3.89,3.76,3.88,4761400,3.830928
2014-03-26,4.06,4.07,3.84,3.85,5509800,3.801307
2014-03-25,4.04,4.12,4.03,4.05,3841400,3.998778
2014-03-24,4.01,4.06,3.92,3.92,5756900,3.870422
2014-03-21,4.15,4.19,4.02,4.07,13724300,4.018525
2014-03-20,4.05,4.15,3.99,4.06,6160900,4.008651
2014-03-19,4.09,4.14,3.92,3.94,7333600,3.890169
2014-03-18,4.07,4.12,4.04,4.10,9704300,4.048145
2014-03-17,4.32,4.34,4.09,4.12,10160400,4.067892
2014-03-14,4.30,4.37,4.15,4.36,7991700,4.304857
2014-03-13,4.15,4.28,4.11,4.28,5829800,4.225869
2014-03-12,4.06,4.22,4.03,4.20,9271100,4.14688
2014-03-11,3.92,4.01,3.92,4.00,6873000,3.94941
2014-03-10,3.77,3.91,3.75,3.83,4738000,3.78156
2014-03-07,3.79,3.90,3.75,3.77,7261700,3.722319
2014-03-06,3.70,3.87,3.70,3.86,6307500,3.811181
2014-03-05,3.59,3.66,3.54,3.65,7490200,3.603837
2014-03-04,3.66,3.71,3.60,3.60,6561700,3.534722
2014-03-03,3.82,3.87,3.72,3.74,17042400,3.672183
2014-02-28,3.79,3.83,3.69,3.69,6447700,3.62309
2014-02-27,3.75,3.80,3.71,3.75,4223100,3.682002
2014-02-26,3.79,3.79,3.68,3.72,5561200,3.652546
2014-02-25,3.93,3.96,3.84,3.86,3591300,3.790007
2014-02-24,4.07,4.08,3.96,3.99,3777300,3.91765
2014-02-21,3.99,4.04,3.93,4.02,4610500,3.947106
2014-02-20,3.86,3.98,3.84,3.96,7008900,3.888194
2014-02-19,4.01,4.05,3.92,3.96,10629000,3.888194
2014-02-18,4.06,4.11,4.00,4.10,5305500,4.025655
2014-02-14,4.02,4.22,4.00,4.09,7882600,4.015837
2014-02-13,3.67,3.92,3.67,3.90,9008700,3.829282
2014-02-12,3.95,3.98,3.78,3.81,5972700,3.740914
2014-02-11,3.75,4.03,3.73,3.96,10142700,3.888194
2014-02-10,3.60,3.74,3.60,3.69,5073400,3.62309
2014-02-07,3.44,3.53,3.42,3.53,5274600,3.465991
2014-02-06,3.50,3.53,3.45,3.47,3444100,3.407079
2014-02-05,3.52,3.58,3.46,3.46,4204600,3.397261
2014-02-04,3.42,3.51,3.41,3.50,4028200,3.436535
2014-02-03,3.47,3.53,3.44,3.47,3198800,3.407079
2014-01-31,3.50,3.53,3.45,3.48,4670600,3.416898
2014-01-30,3.44,3.48,3.37,3.41,5780700,3.348167
2014-01-29,3.57,3.62,3.46,3.60,5129200,3.534722
2014-01-28,3.49,3.60,3.46,3.56,2788900,3.495447
2014-01-27,3.56,3.59,3.48,3.50,5995600,3.436535
2014-01-24,3.53,3.56,3.41,3.52,4658900,3.456173
2014-01-23,3.42,3.49,3.41,3.46,4566400,3.397261
2014-01-22,3.38,3.43,3.33,3.35,4036900,3.289255
2014-01-21,3.42,3.47,3.35,3.45,4971100,3.387442
2014-01-17,3.34,3.49,3.34,3.43,4517600,3.367805
2014-01-16,3.27,3.33,3.27,3.31,3970500,3.24998
2014-01-15,3.15,3.30,3.11,3.28,4706000,3.220524
2014-01-14,3.18,3.37,3.18,3.22,5886400,3.161612
2014-01-13,3.12,3.30,3.10,3.29,4929900,3.230343
2014-01-10,3.03,3.19,3.01,3.14,8307100,3.083063
2014-01-09,3.05,3.08,3.00,3.00,2147700,2.945602
2014-01-08,3.16,3.16,3.07,3.09,3898100,3.03397
2014-01-07,3.18,3.20,3.14,3.20,2287300,3.141975
2014-01-06,3.26,3.27,3.15,3.18,4997000,3.122338
2014-01-03,3.27,3.30,3.21,3.23,4401700,3.171431
2014-01-02,3.25,3.28,3.17,3.26,4387700,3.200887
2013-12-31,3.10,3.21,3.07,3.20,2948400,3.141975
2013-12-30,3.15,3.21,3.10,3.11,4572300,3.053607
2013-12-27,3.19,3.23,3.14,3.17,2870900,3.112519
2013-12-26,3.17,3.19,3.09,3.10,2224800,3.043788
2013-12-24,3.11,3.14,3.07,3.14,1920000,3.083063
2013-12-23,3.10,3.14,3.05,3.09,3038200,3.03397
2013-12-20,3.06,3.13,3.04,3.09,8660100,3.03397
2013-12-19,3.12,3.14,2.92,3.02,11472200,2.965239
2013-12-18,3.31,3.36,3.18,3.20,9021100,3.141975
2013-12-17,3.43,3.46,3.35,3.36,5571000,3.299074
2013-12-16,3.49,3.54,3.44,3.50,6108600,3.436535
2013-12-13,3.45,3.51,3.41,3.41,4750400,3.348167
2013-12-12,3.51,3.52,3.43,3.51,4113500,3.446354
2013-12-11,3.69,3.71,3.62,3.63,5693100,3.564178
2013-12-10,3.68,3.70,3.64,3.65,7338800,3.583815
2013-12-09,3.58,3.61,3.52,3.54,5134600,3.47581
2013-12-06,3.59,3.65,3.52,3.55,4936400,3.485628
2013-12-05,3.54,3.61,3.50,3.56,5376500,3.495447
2013-12-04,3.68,3.73,3.53,3.60,13857900,3.534722
2013-12-03,3.81,3.97,3.70,3.79,7472000,3.721277
2013-12-02,3.91,3.97,3.84,3.87,6085700,3.799826
2013-11-29,3.99,4.05,3.99,4.01,2423600,3.937288
2013-11-27,3.98,4.03,3.93,3.99,3140800,3.91765
2013-11-26,3.96,4.03,3.92,3.95,3063900,3.878375
2013-11-25,4.00,4.05,3.90,3.98,5473700,3.907831
2013-11-22,4.06,4.11,3.96,3.99,5941200,3.91765
2013-11-21,4.17,4.20,4.08,4.13,6937900,4.055112
2013-11-20,4.42,4.49,4.34,4.38,7279000,4.300578
2013-11-19,4.47,4.53,4.41,4.52,5814300,4.43804
2013-11-18,4.54,4.55,4.45,4.54,5049700,4.457677
2013-11-15,4.65,4.69,4.51,4.52,2538400,4.43804
2013-11-14,4.49,4.62,4.49,4.61,4588500,4.526408
2013-11-13,4.41,4.47,4.39,4.44,2059200,4.35949
2013-11-12,4.48,4.49,4.38,4.38,3121100,4.300578
2013-11-11,4.38,4.53,4.32,4.49,6711400,4.408583
2013-11-08,4.38,4.49,4.35,4.46,7139300,4.379128
2013-11-07,4.51,4.61,4.40,4.40,2955200,4.320216
2013-11-06,4.42,4.51,4.33,4.45,6935900,4.369309
2013-11-05,4.37,4.40,4.30,4.36,5019500,4.280941
2013-11-04,4.40,4.51,4.40,4.49,4472100,4.408583
2013-11-01,4.51,4.58,4.40,4.42,4537500,4.339853
2013-10-31,4.71,4.73,4.60,4.60,6017800,4.516589
2013-10-30,4.78,4.85,4.59,4.81,9120300,4.722781
2013-10-29,4.86,4.91,4.68,4.73,5729000,4.644232
2013-10-28,4.85,5.01,4.82,4.88,5357700,4.791512
2013-10-25,4.74,4.84,4.65,4.80,5350100,4.712963
2013-10-24,4.65,4.71,4.64,4.68,4571000,4.595138
2013-10-23,4.70,4.73,4.51,4.52,4730400,4.43804
2013-10-22,4.60,4.79,4.59,4.74,7246100,4.65405
2013-10-21,4.43,4.53,4.41,4.50,3542800,4.418402
2013-10-18,4.48,4.53,4.46,4.48,2728200,4.398765
2013-10-17,4.39,4.57,4.38,4.47,7880600,4.388946
2013-10-16,4.44,4.45,4.32,4.35,4867400,4.271122
2013-10-15,4.30,4.40,4.26,4.40,6716400,4.320216
2013-10-14,4.36,4.40,4.34,4.35,3799300,4.271122
2013-10-11,4.38,4.41,4.29,4.30,6142100,4.222029
2013-10-10,4.41,4.50,4.37,4.46,4942900,4.379128
2013-10-09,4.41,4.45,4.31,4.42,7926800,4.339853
2013-10-08,4.48,4.50,4.41,4.46,5679500,4.379128
2013-10-07,4.50,4.52,4.42,4.49,3912100,4.408583
2013-10-04,4.47,4.56,4.40,4.43,4035600,4.349672
2013-10-03,4.42,4.53,4.40,4.42,5225000,4.339853
2013-10-02,4.49,4.54,4.40,4.41,5116000,4.330034
2013-10-01,4.51,4.51,4.39,4.45,5861800,4.369309
2013-09-30,4.55,4.61,4.50,4.57,5945400,4.487133
2013-09-27,4.64,4.72,4.55,4.59,3527600,4.506771
2013-09-26,4.74,4.78,4.57,4.61,5321500,4.526408
2013-09-25,4.72,4.81,4.65,4.73,7340600,4.644232
2013-09-24,4.66,4.73,4.57,4.66,7625900,4.575501
2013-09-23,4.76,4.84,4.73,4.75,12456600,4.663869
2013-09-20,4.82,4.84,4.65,4.71,32641300,4.624595
2013-09-19,5.19,5.21,4.85,4.95,10433700,4.860242
2013-09-18,4.73,5.31,4.65,5.23,15305100,5.135165
2013-09-17,4.74,4.77,4.64,4.70,7989800,4.614776
2013-09-16,4.75,4.83,4.64,4.67,5793400,4.58532
2013-09-13,4.70,4.81,4.69,4.77,5695500,4.683506
2013-09-12,4.78,4.93,4.73,4.74,9366000,4.65405
2013-09-11,5.04,5.13,4.95,5.07,7948300,4.978067
2013-09-10,5.11,5.19,4.99,5.00,7810200,4.909336
2013-09-09,5.24,5.27,5.17,5.20,5974600,5.105709
2013-09-06,5.26,5.30,5.13,5.23,6443100,5.135165
2013-09-05,5.19,5.22,5.05,5.08,5877000,4.987885
2013-09-04,5.18,5.21,5.06,5.17,9661100,5.076253
2013-09-03,5.28,5.29,5.11,5.15,6565100,5.056616
2013-08-30,5.26,5.31,5.13,5.15,6932100,5.056616
2013-08-29,5.22,5.39,5.00,5.30,13614500,5.203896
2013-08-28,5.53,5.59,5.17,5.20,9815700,5.105709
2013-08-27,5.74,5.87,5.43,5.45,12588300,5.351176
2013-08-26,5.61,5.73,5.52,5.59,6818500,5.488638
2013-08-23,5.46,5.71,5.39,5.65,15095600,5.54755
2013-08-22,5.76,5.91,5.63,5.71,11127200,5.606462
2013-08-21,6.43,6.50,6.13,6.15,5990000,6.038483
2013-08-20,6.26,6.56,6.24,6.48,7486900,6.362499
2013-08-19,6.29,6.38,6.13,6.18,4202500,6.067939
2013-08-16,6.50,6.53,6.34,6.36,7070300,6.244675
2013-08-15,6.16,6.64,6.11,6.52,11685200,6.401774
2013-08-14,5.95,6.29,5.93,6.29,7345800,6.175945
2013-08-13,5.84,5.99,5.73,5.82,7076100,5.714467
2013-08-12,6.03,6.23,6.02,6.17,7360600,6.058121
2013-08-09,5.61,5.98,5.51,5.87,5033400,5.76356
2013-08-08,5.22,5.70,5.18,5.68,6270500,5.577005
2013-08-07,5.20,5.33,5.15,5.16,2626200,5.066435
2013-08-06,5.36,5.37,5.15,5.16,4132900,5.066435
2013-08-05,5.53,5.63,5.45,5.47,2611700,5.370813
2013-08-02,5.73,5.77,5.45,5.50,4759000,5.40027
2013-08-01,6.08,6.10,5.70,5.70,5574500,5.596643
2013-07-31,5.91,6.16,5.82,6.03,5651500,5.920659
2013-07-30,5.90,6.01,5.82,5.93,2515700,5.822472
2013-07-29,6.00,6.05,5.90,5.90,3117900,5.793017
2013-07-26,5.81,5.99,5.70,5.98,3369200,5.871566
2013-07-25,5.76,5.99,5.76,5.86,4288700,5.753742
2013-07-24,6.07,6.16,5.66,5.80,7525400,5.69483
2013-07-23,5.78,6.02,5.72,6.02,4429700,5.91084
2013-07-22,5.77,5.85,5.69,5.78,5397200,5.675193
2013-07-19,5.30,5.55,5.25,5.54,3397200,5.439544
2013-07-18,5.24,5.35,5.18,5.20,2022900,5.105709
2013-07-17,5.38,5.48,5.15,5.15,3789600,5.056616
2013-07-16,5.23,5.44,5.23,5.43,3671200,5.331539
2013-07-15,5.19,5.20,5.10,5.12,1608300,5.02716
2013-07-12,5.35,5.37,5.14,5.22,3462700,5.125347
2013-07-11,5.29,5.35,5.18,5.35,5508500,5.252989
2013-07-10,4.96,5.00,4.85,4.87,2792600,4.781693
2013-07-09,4.92,5.01,4.82,4.84,3507900,4.752237
2013-07-08,4.92,4.93,4.76,4.77,2915700,4.683506
2013-07-05,4.77,4.97,4.76,4.96,3748600,4.870061
2013-07-03,4.98,5.01,4.81,4.90,3710400,4.811149
2013-07-02,5.35,5.39,5.03,5.08,3309800,4.987885
2013-07-01,5.26,5.33,5.14,5.26,3869100,5.164622
2013-06-28,4.87,5.32,4.85,5.25,6904100,5.154803
2013-06-27,4.75,4.96,4.72,4.94,5293000,4.850424
2013-06-26,4.84,4.91,4.67,4.70,6669400,4.614776
2013-06-25,5.07,5.13,4.98,5.08,4912400,4.987885
2013-06-24,5.17,5.24,5.08,5.11,5335700,5.017341
2013-06-21,5.28,5.38,5.15,5.30,9445400,5.203896
2013-06-20,5.31,5.54,5.30,5.45,11153000,5.351176
2013-06-19,5.87,5.90,5.65,5.67,5184100,5.567187
2013-06-18,5.98,6.03,5.89,5.92,2343000,5.812654
2013-06-17,5.99,6.08,5.96,6.04,1597200,5.930478
2013-06-14,6.04,6.10,5.98,6.02,2903700,5.91084
2013-06-13,5.86,5.99,5.81,5.98,2758700,5.871566
2013-06-12,5.92,6.07,5.89,5.94,3621700,5.832291
2013-06-11,5.96,6.05,5.91,5.92,3240900,5.812654
2013-06-10,6.14,6.22,6.08,6.11,2483400,5.999209
2013-06-07,6.19,6.22,6.00,6.07,3396100,5.959934
2013-06-06,6.14,6.38,6.14,6.33,3712100,6.215219
2013-06-05,6.17,6.27,6.08,6.18,4200500,6.067939
2013-06-04,6.21,6.26,6.06,6.16,5626600,6.048302
2013-06-03,6.14,6.35,6.08,6.30,4634700,6.185764
2013-05-31,6.07,6.16,5.98,6.07,6134900,5.959934
2013-05-30,6.13,6.29,6.04,6.29,7173400,6.175945
2013-05-29,5.78,6.01,5.72,6.00,6774400,5.891203
2013-05-28,5.75,5.83,5.61,5.71,4901000,5.606462
2013-05-24,5.81,5.87,5.72,5.74,3534500,5.635917
2013-05-23,5.93,6.01,5.85,5.87,3703200,5.76356
2013-05-22,5.88,6.03,5.76,5.86,6027400,5.753742
2013-05-21,5.73,5.91,5.70,5.78,5329100,5.675193
2013-05-20,5.67,6.03,5.65,5.99,7690300,5.881384
2013-05-17,5.95,6.00,5.80,5.81,5159300,5.704648
2013-05-16,6.08,6.32,6.01,6.13,4861900,6.018846
2013-05-15,6.23,6.31,6.06,6.06,5793500,5.950115
2013-05-14,6.42,6.56,6.29,6.33,4618600,6.215219
2013-05-13,6.66,6.67,6.55,6.56,2896800,6.441049
2013-05-10,6.62,6.80,6.50,6.80,3478300,6.676697
2013-05-09,6.85,7.09,6.78,6.84,3731300,6.715972
2013-05-08,6.69,6.92,6.61,6.89,6476400,6.765065
2013-05-07,6.92,6.93,6.67,6.73,4291100,6.607966
2013-05-06,7.08,7.14,7.02,7.10,2295600,6.971257
2013-05-03,7.04,7.20,6.93,7.02,5090200,6.892708
2013-05-02,7.23,7.27,7.10,7.14,3811900,7.010532
2013-05-01,7.27,7.49,7.16,7.37,4592700,7.236361
2013-04-30,7.26,7.46,7.07,7.46,4471900,7.324729
2013-04-29,7.26,7.38,7.21,7.32,3815000,7.187268
2013-04-26,7.52,7.58,7.04,7.15,6847700,7.020351
2013-04-25,7.52,7.81,7.44,7.60,10251700,7.462191
2013-04-24,6.81,7.33,6.75,7.29,7452600,7.157812
2013-04-23,6.72,6.75,6.47,6.64,4565800,6.519598
2013-04-22,6.74,6.82,6.58,6.71,5035800,6.588329
2013-04-19,6.53,6.62,6.37,6.50,9446700,6.382137
2013-04-18,6.35,6.46,6.28,6.34,10007500,6.225038
2013-04-17,6.49,6.59,6.23,6.26,13646100,6.146489
2013-04-16,6.68,6.75,6.32,6.38,8168300,6.264313
2013-04-15,6.53,6.63,6.25,6.26,15276600,6.146489
2013-04-12,7.14,7.17,6.77,6.79,7873100,6.666878
2013-04-11,7.44,7.45,7.20,7.22,3138800,7.089081
2013-04-10,7.51,7.52,7.33,7.40,4200200,7.265817
2013-04-09,7.34,7.65,7.24,7.63,5128900,7.491647
2013-04-08,7.17,7.26,7.11,7.19,4984300,7.059625
2013-04-05,7.17,7.32,7.09,7.16,7293700,7.030169
2013-04-04,6.84,7.27,6.83,7.20,5600900,7.069444
2013-04-03,7.13,7.28,6.83,6.90,8721600,6.774884
2013-04-02,7.59,7.66,7.30,7.31,4187000,7.177449
2013-04-01,7.74,7.75,7.54,7.70,3143900,7.560377
2013-03-28,7.72,7.80,7.67,7.75,2427000,7.609471
2013-03-27,7.65,7.80,7.60,7.78,4891600,7.638927
2013-03-26,7.76,7.81,7.64,7.75,3661500,7.609471
2013-03-25,7.78,7.85,7.65,7.78,4348200,7.638927
2013-03-22,8.02,8.12,7.87,7.93,4214700,7.786207
2013-03-21,8.06,8.22,8.05,8.20,3227700,8.051311
2013-03-20,8.07,8.10,8.00,8.04,2448100,7.894212
2013-03-19,7.95,8.16,7.92,8.04,4915700,7.894212
2013-03-18,8.22,8.27,8.02,8.11,4934900,7.962943
2013-03-15,7.91,8.08,7.88,8.06,20926400,7.91385
2013-03-14,7.86,8.01,7.82,7.91,6905800,7.766569
2013-03-13,8.03,8.07,7.84,7.90,6040600,7.756751
2013-03-12,7.97,8.17,7.91,7.99,6457100,7.845119
2013-03-11,7.97,8.02,7.89,7.92,3750900,7.776388
2013-03-08,7.96,8.17,7.84,8.00,5422900,7.854938
2013-03-07,8.17,8.30,7.97,8.00,6533000,7.854938
2013-03-06,7.89,8.15,7.79,8.13,9906700,7.98258
2013-03-05,8.16,8.20,8.02,8.08,5167300,7.850028
2013-03-04,8.20,8.23,8.01,8.05,5624700,7.820883
2013-03-01,8.21,8.37,8.13,8.19,8737800,7.956897
2013-02-28,8.59,8.59,8.27,8.29,5353000,8.054052
2013-02-27,8.67,8.72,8.55,8.61,4536900,8.364943
2013-02-26,8.86,9.03,8.75,8.90,5099600,8.646689
2013-02-25,8.87,8.90,8.68,8.78,4459100,8.530105
2013-02-22,8.78,8.87,8.60,8.72,3004600,8.471813
2013-02-21,8.63,8.93,8.56,8.77,9144800,8.52039
2013-02-20,10.639996,10.66,10.269998,10.310005,6638800,8.627531
2013-02-19,10.870002,10.939998,10.750001,10.810001,4930800,9.045934
2013-02-15,11.559996,11.600004,11.069995,11.159997,9118900,9.338814
2013-02-14,11.949998,12.079997,11.820001,12.019996,3991700,10.058471
2013-02-13,12.060004,12.190001,11.730001,11.750005,3595200,9.83254
2013-02-12,11.869994,11.949998,11.709997,11.929995,3987300,9.983158
2013-02-11,11.799997,11.850002,11.649996,11.739997,2788200,9.824165
2013-02-08,11.959996,11.970003,11.790001,11.899994,2697500,9.958052
2013-02-07,11.780005,11.959996,11.709997,11.880002,4187200,9.941323
2013-02-06,11.869994,11.919998,11.769997,11.850002,4010300,9.916219
2013-02-05,12.090004,12.190001,11.959996,12.01,3046600,10.050106
2013-02-04,11.959996,12.270005,11.940003,12.210005,3903200,10.217473
2013-02-01,11.929995,12.120004,11.769997,12.109997,4743600,10.133785
2013-01-31,11.64,11.679997,11.55,11.619996,4425600,9.723747
2013-01-30,11.730001,11.840005,11.64,11.660004,5214900,9.757226
2013-01-29,11.589996,11.709997,11.529996,11.630004,3880800,9.732122
2013-01-28,11.829998,11.829998,11.55,11.58,4780100,9.690278
2013-01-25,11.970003,11.989996,11.649996,11.649996,6070500,9.748851
2013-01-24,12.150005,12.220001,11.820001,11.869994,4544800,9.932948
2013-01-23,12.229998,12.300006,12.019996,12.120004,5474500,10.142159
2013-01-22,12.280002,12.469999,12.199997,12.370002,5510200,10.35136
2013-01-18,12.220001,12.359995,12.100001,12.340002,2572800,10.326256
2013-01-17,12.130001,12.250002,11.970003,12.130001,2993800,10.150524
2013-01-16,12.210005,12.220001,12.049996,12.180005,2490900,10.192368
2013-01-15,12.190001,12.280002,12.109997,12.190001,3577100,10.200733
2013-01-14,12.210005,12.270005,12.090004,12.139997,2857200,10.158889
2013-01-11,12.030004,12.210005,11.970003,12.169997,2670300,10.183994
2013-01-10,12.04,12.130001,12.000004,12.079997,3022800,10.10868
2013-01-09,11.910002,12.01,11.880002,11.940003,3227500,9.991532
2013-01-08,12.000004,12.049996,11.869994,12.000004,3984700,10.041741
2013-01-07,12.079997,12.259998,12.01,12.04,4885700,10.07521
2013-01-04,12.01,12.220001,11.899994,12.210005,2907400,10.217473
2013-01-03,12.389995,12.56,11.989996,12.030004,5623300,10.066846
2013-01-02,12.56,12.640004,12.389995,12.469999,4370800,10.435039
2012-12-31,12.130001,12.550004,12.130001,12.490003,2802700,10.451779
2012-12-28,12.199997,12.340002,12.120004,12.150005,2834000,10.167264
2012-12-27,12.04,12.419995,11.949998,12.180005,4652900,10.192368
2012-12-26,11.970003,12.01,11.859998,11.98,1908200,10.025002
2012-12-24,11.899994,11.98,11.780005,11.970003,1250000,10.016636
2012-12-21,11.570004,11.989996,11.559996,11.880002,7024900,9.941323
2012-12-20,11.600004,11.790001,11.529996,11.780005,5092700,9.857644
2012-12-19,11.859998,11.929995,11.700001,11.739997,3428700,9.824165
2012-12-18,11.760001,11.829998,11.570004,11.810005,6780100,9.882749
2012-12-17,11.700001,11.810005,11.649996,11.760001,2911200,9.840905
2012-12-14,11.559996,11.799997,11.499995,11.700001,4683100,9.790696
2012-12-13,11.600004,11.780005,11.589996,11.700001,4286600,9.790696
2012-12-12,11.540003,11.850002,11.459999,11.829998,5901300,9.899479
2012-12-11,11.469995,11.499995,11.360002,11.409995,3317200,9.548015
2012-12-10,11.600004,11.690004,11.379995,11.499995,5036900,9.623328
2012-12-07,11.339998,11.399999,11.09,11.320006,5277500,9.472711
2012-12-06,11.429999,11.519999,11.189997,11.330002,6830000,9.481076
2012-12-05,11.739997,11.790001,11.300002,11.369998,8423100,9.514545
2012-12-04,11.700001,11.859998,11.589996,11.709997,3664400,9.799061
2012-12-03,12.04,12.079997,11.649996,11.679997,7718200,9.773956
2012-11-30,12.289998,12.539996,12.130001,12.280002,6440900,10.276047
2012-11-29,12.359995,12.599996,12.120004,12.569996,9848200,10.518718
2012-11-28,11.510003,11.850002,11.399999,11.850002,4903000,9.916219
2012-11-27,11.98,12.01,11.790001,11.810005,4771300,9.882749
2012-11-26,12.180005,12.229998,11.880002,12.180005,4076800,10.192368
2012-11-23,11.850002,12.120004,11.810005,12.049996,2277300,10.083575
2012-11-21,11.649996,11.940003,11.619996,11.880002,4073700,9.941323
2012-11-20,11.840005,11.899994,11.730001,11.780005,2389800,9.857644
2012-11-19,11.959996,12.060004,11.829998,12.000004,2878600,10.041741
2012-11-16,11.630004,11.760001,11.390002,11.730001,4558800,9.8158
2012-11-15,11.750005,11.799997,11.420003,11.540003,5792200,9.656808
2012-11-14,12.100001,12.220001,11.859998,11.880002,6208900,9.941323
2012-11-13,12.379999,12.56,12.259998,12.430003,2666200,10.40157
2012-11-12,12.700005,12.790006,12.479995,12.610004,2256800,10.552197
2012-11-09,12.640004,12.969996,12.62,12.640004,5685000,10.577301
2012-11-08,12.749997,12.950003,12.59,12.830003,4442300,10.736294
2012-11-07,12.879994,13.029996,12.659997,13.02,8219500,10.895286
2012-11-06,12.359995,12.640004,12.259998,12.599996,4943600,10.543822
2012-11-05,12.340002,12.419995,12.210005,12.240005,4117400,10.242577
2012-11-02,12.599996,12.65,12.289998,12.300006,5386800,10.292787
2012-11-01,12.62,12.629996,12.499999,12.520003,2909200,10.476883
2012-10-31,12.100001,12.550004,12.060004,12.509996,4573500,10.468509
2012-10-26,12.030004,12.060004,11.899994,11.98,2287800,10.025002
2012-10-25,12.049996,12.169997,11.940003,12.07,4975200,10.100315
2012-10-24,12.109997,12.220001,11.810005,11.850002,5077000,9.916219
2012-10-23,12.01,12.079997,11.880002,11.929995,8021300,9.983158
2012-10-22,11.959996,12.300006,11.940003,12.280002,4020100,10.276047
2012-10-19,11.919998,12.100001,11.769997,12.060004,6150600,10.09195
2012-10-18,12.210005,12.259998,11.760001,11.760001,6535000,9.840905
2012-10-17,12.430003,12.580004,12.319998,12.499999,3566200,10.460143
2012-10-16,12.289998,12.430003,12.220001,12.400003,3480500,10.376466
2012-10-15,12.100001,12.180005,11.959996,12.120004,3328900,10.142159
2012-10-12,12.509996,12.520003,12.139997,12.150005,3660000,10.167264
2012-10-11,12.349998,12.479995,12.289998,12.349998,3175600,10.334621
2012-10-10,12.180005,12.349998,12.120004,12.270005,4769300,10.267682
2012-10-09,12.439999,12.499999,12.190001,12.199997,4271000,10.209098
2012-10-08,12.139997,12.359995,12.120004,12.289998,3644100,10.284412
2012-10-05,12.409999,12.520003,12.079997,12.160001,5071500,10.175629
2012-10-04,12.340002,12.409999,12.160001,12.319998,5207400,10.309516
2012-10-03,12.770001,12.800001,12.229998,12.240005,5705300,10.242577
2012-10-02,12.920003,12.920003,12.59,12.879994,5759300,10.778128
2012-10-01,13.040004,13.149997,12.839999,12.890003,4411800,10.786503
2012-09-28,12.779997,12.980004,12.689997,12.849994,4393800,10.753024
2012-09-27,12.819994,12.99,12.770001,12.969996,5224900,10.853442
2012-09-26,12.599996,12.909996,12.400003,12.790006,6976200,10.702824
2012-09-25,13.080001,13.250005,12.700005,12.719997,7825100,10.64424
2012-09-24,13.190005,13.389999,13.059997,13.089997,5984600,10.95386
2012-09-21,13.200001,13.299998,12.99,13.250005,21387200,11.087757
2012-09-20,13.299998,13.410003,13.179997,13.309994,8921000,11.137956
2012-09-19,13.380003,13.560004,13.250005,13.54,8759600,11.330428
2012-09-18,12.879994,13.419999,12.809999,13.389999,9097800,11.204906
2012-09-17,12.879994,12.950003,12.749997,12.860003,6686700,10.761398
2012-09-14,12.899999,13.170001,12.819994,12.899999,8653100,10.794868
2012-09-13,12.139997,12.939996,12.030004,12.890003,14696700,10.786503
2012-09-12,12.770001,12.819994,12.259998,12.310002,9925600,10.301152
2012-09-11,12.860003,13.179997,12.800001,12.96,7477300,10.686085
2012-09-10,13.220005,13.299998,13.02,13.059997,4615700,10.768537
2012-09-07,13.309994,13.359999,13.170001,13.309994,4883600,10.97467
2012-09-06,12.710001,13.119997,12.710001,13.110001,6354600,10.809767
2012-09-05,12.280002,12.710001,12.190001,12.710001,7700500,10.47995
2012-09-04,12.160001,12.289998,12.04,12.160001,3937200,10.026451
2012-08-31,11.750005,12.439999,11.739997,12.319998,9393400,10.158375
2012-08-30,12.409999,12.439999,12.250002,12.319998,2954300,10.158375
2012-08-29,12.580004,12.629996,12.379999,12.419995,3341900,10.240827
2012-08-28,12.760005,12.779997,12.550004,12.599996,4974600,10.389246
2012-08-27,13.119997,13.149997,12.680001,12.719997,4588200,10.488192
2012-08-24,13.309994,13.350002,13.059997,13.149997,4407700,10.842746
2012-08-23,13.620004,13.729997,13.119997,13.179997,7028100,10.867482
2012-08-22,13.380003,13.720002,13.250005,13.669997,5334700,11.271509
2012-08-21,13.650004,13.740006,13.399995,13.519996,7073000,11.147826
2012-08-20,13.57,13.710006,13.500003,13.690002,2722800,11.288003
2012-08-17,13.750002,13.759997,13.669997,13.750002,3148300,11.337476
2012-08-16,13.63,13.97,13.590004,13.94,4160400,11.494138
2012-08-15,13.479999,13.680006,13.470003,13.669997,1698600,11.271509
2012-08-14,13.650004,13.729997,13.530004,13.609996,2651900,11.222035
2012-08-13,13.909999,13.979996,13.639997,13.690002,2467800,11.288003
2012-08-10,13.680006,13.879999,13.660002,13.799995,2912200,11.378697
2012-08-09,13.449999,13.690002,13.369995,13.620004,1739400,11.230287
2012-08-08,13.389999,13.699997,13.280006,13.459995,4150400,11.098353
2012-08-07,13.410003,13.489996,13.299998,13.429995,2969200,11.073617
2012-08-06,13.280006,13.579996,13.250005,13.399995,2856600,11.04888
2012-08-03,13.190005,13.389999,13.119997,13.320002,6150600,10.982922
2012-08-02,12.809999,13.149997,12.730005,12.96,4806300,10.686085
2012-08-01,12.96,13.100004,12.379999,12.890003,6513900,10.628369
2012-07-31,13.119997,13.200001,12.890003,12.899999,5168600,10.636611
2012-07-30,13.100004,13.239998,13.040004,13.230002,3049400,10.908714
2012-07-27,13.179997,13.269998,12.96,13.119997,5144800,10.818009
2012-07-26,12.569996,12.809999,12.539996,12.809999,3944100,10.562402
2012-07-25,12.370002,12.730005,12.310002,12.449995,3975200,10.265564
2012-07-24,12.130001,12.259998,12.07,12.150005,4614200,10.018209
2012-07-23,11.970003,12.120004,11.889998,12.049996,4162500,9.935747
2012-07-20,11.970003,12.220001,11.940003,12.180005,5229400,10.042945
2012-07-19,11.919998,11.959996,11.750005,11.850002,4792400,9.770844
2012-07-18,11.959996,12.030004,11.859998,11.919998,2892300,9.828558
2012-07-17,12.259998,12.300006,11.929995,12.139997,3033200,10.009957
2012-07-16,12.160001,12.319998,12.109997,12.240005,3185000,10.092418
2012-07-13,12.220001,12.280002,12.150005,12.240005,3098200,10.092418
2012-07-12,12.030004,12.319998,11.880002,12.199997,3619400,10.059429
2012-07-11,12.199997,12.289998,12.07,12.180005,3355800,10.042945
2012-07-10,12.490003,12.56,12.130001,12.180005,4154400,10.042945
2012-07-09,12.270005,12.330006,12.019996,12.270005,2824100,10.117154
2012-07-06,12.389995,12.479995,12.139997,12.250002,4322900,10.100661
2012-07-05,12.610004,12.849994,12.56,12.730005,4336900,10.496445
2012-07-03,12.62,12.770001,12.56,12.770001,4374700,10.529423
2012-07-02,12.640004,12.730005,12.389995,12.599996,4300100,10.389246
2012-06-29,12.749997,12.849994,12.550004,12.809999,3504500,10.562402
2012-06-28,12.469999,12.599996,12.300006,12.509996,3266400,10.315037
2012-06-27,12.710001,12.790006,12.469999,12.65,3464500,10.430477
2012-06-26,12.779997,12.909996,12.580004,12.790006,3035000,10.545917
2012-06-25,12.539996,12.899999,12.509996,12.809999,4067400,10.562402
2012-06-22,12.899999,12.96,12.65,12.790006,3812200,10.545917
2012-06-21,13.470003,13.51,12.980004,12.99,3954300,10.710821
2012-06-20,13.660002,14.00,13.470003,13.710006,4957800,11.304497
2012-06-19,13.799995,13.859995,13.680006,13.750002,2716300,11.337476
2012-06-18,13.440003,13.840003,13.299998,13.759997,3311200,11.345718
2012-06-15,13.590004,13.63,13.329998,13.57,7241800,11.189057
2012-06-14,13.54,13.590004,13.309994,13.489996,4216100,11.12309
2012-06-13,13.759997,13.770006,13.51,13.519996,5322100,11.147826
2012-06-12,13.530004,13.799995,13.479999,13.699997,3912200,11.296245
2012-06-11,13.660002,13.759997,13.350002,13.389999,3563500,11.040638
2012-06-08,13.200001,13.530004,13.110001,13.470003,3831600,11.106605
2012-06-07,13.909999,13.909999,13.209998,13.380003,6092400,11.032396
2012-06-06,13.889996,14.020004,13.530004,13.819999,8417200,11.395191
2012-06-05,13.949996,14.020004,13.740006,13.889996,5278000,11.452907
2012-06-04,13.909999,14.039997,13.579996,14.039997,5740500,11.57659
2012-06-01,13.449999,13.930003,13.389999,13.849999,7595700,11.419928
2012-05-31,13.429995,13.51,13.080001,13.250005,5457600,10.925207
2012-05-30,12.899999,13.500003,12.800001,13.329998,6403000,10.991165
2012-05-29,13.389999,13.389999,12.950003,13.070004,3460000,10.776788
2012-05-25,13.05,13.290002,12.96,13.290002,5002600,10.958186
2012-05-24,13.239998,13.320002,12.920003,13.149997,8162400,10.842746
2012-05-23,12.550004,13.170001,12.259998,13.149997,6536100,10.842746
2012-05-22,12.689997,12.969996,12.520003,12.65,4382700,10.430477
2012-05-21,12.300006,12.749997,12.280002,12.730005,4029100,10.496445
2012-05-18,12.409999,12.509996,12.130001,12.220001,6259900,10.075923
2012-05-17,11.910002,12.220001,11.829998,11.989996,7339700,9.886274
2012-05-16,11.739997,12.169997,11.709997,11.790001,5864200,9.72137
2012-05-15,12.210005,12.310002,11.720005,11.750005,4834600,9.688392
2012-05-14,12.499999,12.640004,12.250002,12.250002,5364200,10.100661
2012-05-11,13.059997,13.329998,12.950003,12.99,3512800,10.710821
2012-05-10,12.929999,13.309994,12.909996,13.220005,5333600,10.90047
2012-05-09,12.289998,12.999996,12.250002,12.800001,4393200,10.554159
2012-05-08,12.569996,12.629996,12.359995,12.610004,4409200,10.397498
2012-05-07,12.760005,13.010004,12.670004,12.830003,5774400,10.578897
2012-05-04,12.469999,12.760005,12.409999,12.680001,4635000,10.455214
2012-05-03,12.680001,12.700005,12.300006,12.409999,3611200,10.232585
2012-05-02,12.879994,12.950003,12.749997,12.770001,2569500,10.529423
2012-05-01,12.929999,13.140001,12.800001,13.040004,3680000,10.752052
2012-04-30,12.879994,12.920003,12.689997,12.869999,2749000,10.611875
2012-04-27,13.029996,13.089997,12.879994,13.010004,3007400,10.727315
2012-04-26,12.899999,12.999996,12.779997,12.920003,3451800,10.653105
2012-04-25,12.599996,12.839999,12.509996,12.819994,4392800,10.570644
2012-04-24,12.300006,12.469999,12.300006,12.430003,3047100,10.24908
2012-04-23,12.379999,12.439999,12.150005,12.300006,6344100,10.141891
2012-04-20,12.779997,12.790006,12.520003,12.53,3138400,10.331531
2012-04-19,12.719997,12.800001,12.550004,12.65,3830600,10.430477
2012-04-18,12.610004,12.730005,12.569996,12.689997,3276200,10.463456
2012-04-17,12.749997,12.999996,12.62,12.749997,3877100,10.512929
2012-04-16,12.700005,12.929999,12.689997,12.770001,3629100,10.529423
2012-04-13,12.890003,12.950003,12.740001,12.819994,4503600,10.570644
2012-04-12,12.779997,13.089997,12.749997,13.070004,4583600,10.776788
2012-04-11,12.860003,13.029996,12.760005,12.790006,3411000,10.545917
2012-04-10,12.770001,12.869999,12.53,12.839999,4822000,10.587139
2012-04-09,12.860003,13.100004,12.809999,12.849994,2296400,10.595381
2012-04-05,12.99,13.05,12.800001,12.839999,4908200,10.587139
2012-04-04,12.950003,13.160005,12.700005,12.800001,8997900,10.554159
2012-04-03,13.930003,13.949996,13.449999,13.620004,5653300,11.230287
2012-04-02,13.829995,14.129997,13.759997,14.03,4847900,11.568347
2012-03-30,13.729997,13.94,13.54,13.900003,5022200,11.461158
2012-03-29,13.530004,13.669997,13.350002,13.669997,3487700,11.271509
2012-03-28,13.750002,13.770006,13.429995,13.500003,3719600,11.131341
2012-03-27,14.099997,14.099997,13.859995,13.930003,3832800,11.485895
2012-03-26,14.020004,14.080004,13.900003,14.03,3883300,11.568347
2012-03-23,13.770006,13.94,13.690002,13.829995,3478900,11.403434
2012-03-22,13.669997,13.810003,13.54,13.690002,3532900,11.288003
2012-03-21,14.110005,14.180001,13.900003,13.919996,3426200,11.477643
2012-03-20,13.789999,14.099997,13.660002,14.080004,4069300,11.609577
2012-03-19,14.090001,14.120001,13.900003,13.930003,4450400,11.485895
2012-03-16,14.170005,14.230005,14.039997,14.060001,5082500,11.593084
2012-03-15,14.219998,14.399999,14.180001,14.210002,4365800,11.716766
2012-03-14,14.219998,14.270002,14.050004,14.180001,6351900,11.692029
2012-03-13,14.420003,14.570005,14.390003,14.409995,4814000,11.881669
2012-03-12,14.55,14.570005,14.429999,14.480003,3137900,11.939394
2012-03-09,14.499996,14.739998,14.399999,14.559996,3896500,12.005352
2012-03-08,14.790003,14.809995,14.589996,14.670002,3337000,12.096056
2012-03-07,14.630005,14.869996,14.540005,14.750006,4354400,12.162023
2012-03-06,14.839995,15.070001,14.700002,15.019997,4604800,12.134807
2012-03-05,15.130001,15.210005,14.869996,15.019997,4631600,12.134807
2012-03-02,15.419995,15.430003,15.139997,15.349999,3063000,12.40142
2012-03-01,15.490005,15.640006,15.349999,15.530001,2981500,12.546844
2012-02-29,15.96,16.029997,15.150005,15.370003,5158500,12.417581
2012-02-28,15.879996,15.93,15.689998,15.879996,5586800,12.829609
2012-02-27,15.779999,15.849996,15.590001,15.759995,2347500,12.732659
2012-02-24,15.93,15.999997,15.800003,15.879996,2813300,12.829609
2012-02-23,15.980004,16.050001,15.789995,15.909996,4560100,12.853847
2012-02-22,15.759995,16.089997,15.569997,15.969996,7786400,12.902321
2012-02-21,15.890003,15.99,15.700006,15.819995,5269500,12.781134
2012-02-17,16.249994,16.339995,15.90,15.90,6026600,12.845771
2012-02-16,16.050001,16.500005,15.909996,16.36,3278300,13.217409
2012-02-15,16.530005,16.540001,16.249994,16.320004,2958300,13.185096
2012-02-14,16.470005,16.579998,16.269998,16.42,3108800,13.265884
2012-02-13,16.530005,16.530005,16.369995,16.470005,2537900,13.306283
2012-02-10,16.410004,16.540001,16.350004,16.470005,2902900,13.306283
2012-02-09,16.780003,16.900004,16.620006,16.669998,2972700,13.46786
2012-02-08,16.690002,16.759999,16.519997,16.650006,2966100,13.451708
2012-02-07,16.680006,16.729999,16.42,16.579998,4927100,13.395148
2012-02-06,16.750003,16.810003,16.480001,16.600002,4522500,13.411309
2012-02-03,16.669998,16.690002,16.029997,16.500005,4046800,13.330521
2012-02-02,16.549997,16.919996,16.540001,16.789999,2994400,13.56481
2012-02-01,16.500005,16.690002,16.39,16.600002,3304400,13.411309
2012-01-31,16.690002,16.729999,16.200002,16.429997,3581100,13.27396
2012-01-30,16.650006,16.739995,16.510001,16.530005,3023400,13.354758
2012-01-27,16.690002,16.97,16.600002,16.919996,4255400,13.669836
2012-01-26,16.620006,16.709995,16.42,16.560005,5152900,13.378995
2012-01-25,15.460003,16.369995,15.210005,16.339995,8084100,13.201247
2012-01-24,15.659998,15.789995,15.520005,15.569997,3736500,12.579158
2012-01-23,15.640006,15.839999,15.509997,15.779999,2393200,12.748821
2012-01-20,15.539997,15.749999,15.389995,15.569997,4593100,12.579158
2012-01-19,15.819995,15.849996,15.220002,15.409999,4848100,12.449894
2012-01-18,15.819995,15.99,15.779999,15.950004,3021800,12.886169
2012-01-17,15.93,16.010004,15.789995,15.869999,3769900,12.821532
2012-01-13,15.439999,15.520005,15.250002,15.490005,2347100,12.514531
2012-01-12,15.610005,15.740002,15.460003,15.629998,2824100,12.627633
2012-01-11,15.560001,15.590001,15.310002,15.389995,2744200,12.433733
2012-01-10,15.759995,15.830003,15.490005,15.530001,3471800,12.546844
2012-01-09,15.719998,15.719998,15.470001,15.560001,3192500,12.571082
2012-01-06,15.749999,15.90,15.550005,15.590001,2164100,12.595319
2012-01-05,15.389995,15.749999,15.269994,15.629998,2482900,12.627633
2012-01-04,15.599998,15.90,15.460003,15.520005,2789000,12.538769
2012-01-03,15.599998,15.830003,15.479996,15.770003,2760000,12.740745
2011-12-30,15.310002,15.430003,15.139997,15.250002,1665600,12.320631
2011-12-29,14.959996,15.359995,14.799999,15.269994,3441200,12.336783
2011-12-28,15.539997,15.610005,15.040001,15.060004,2521400,12.167129
2011-12-27,15.629998,15.689998,15.500001,15.599998,1304700,12.603396
2011-12-23,15.779999,15.90,15.629998,15.759995,2058100,12.732659
2011-12-22,15.520005,15.650002,15.210005,15.530001,2625800,12.546844
2011-12-21,15.370003,15.590001,15.319999,15.470001,2611400,12.49837
2011-12-20,15.349999,15.729995,15.340003,15.620002,2941500,12.619557
2011-12-19,15.340003,15.509997,14.989996,15.040001,3075800,12.150969
2011-12-16,15.280002,15.500001,15.139997,15.349999,6918200,12.40142
2011-12-15,15.419995,15.449996,15.000004,15.100001,5035800,12.199443
2011-12-14,14.989996,15.550005,14.98,15.289998,6945200,12.352944
2011-12-13,15.839999,15.96,15.180005,15.229998,5591600,12.304469
2011-12-12,15.920004,15.980004,15.580005,15.770003,3788300,12.740745
2011-12-09,16.399995,16.470005,16.190005,16.299999,2754400,13.168934
2011-12-08,16.720002,16.840003,16.219994,16.320004,3440300,13.185096
2011-12-07,16.889996,17.189998,16.810003,17.110005,2418900,13.823346
2011-12-06,16.350004,17.050005,16.299999,16.97,3423300,13.710235
2011-12-05,16.849999,16.91,16.42,16.519997,3840200,13.346672
2011-12-02,17.300004,17.34,16.480001,16.519997,4101900,13.346672
2011-12-01,16.930004,17.249998,16.819999,17.090001,3801300,13.807185
2011-11-30,16.470005,16.97,16.39,16.94,5818800,13.685997
2011-11-29,15.479996,15.759995,15.470001,15.659998,3399500,12.65187
2011-11-28,15.650002,15.770003,15.310002,15.479996,4095600,12.506446
2011-11-25,15.280002,15.509997,15.160001,15.160001,2017500,12.247918
2011-11-23,15.590001,15.629998,15.280002,15.389995,4018600,12.433733
2011-11-22,15.759995,16.100005,15.689998,15.749999,4755800,12.724583
2011-11-21,15.830003,15.860003,15.400003,15.779999,3271300,12.748821
2011-11-18,16.410004,16.489997,15.819995,15.969996,3642000,12.902321
2011-11-17,17.110005,17.120001,16.309995,16.39,4846800,13.241646
2011-11-16,17.249998,17.670002,17.199994,17.349996,3565500,14.017237
2011-11-15,17.219998,17.559998,17.199994,17.469997,2661400,14.114187
2011-11-14,17.499997,17.570005,17.270003,17.37,2626500,14.033398
2011-11-11,17.28,17.730003,17.199994,17.679998,4232800,14.283849
2011-11-10,17.480005,17.580002,17.039997,17.140005,3665300,13.847584
2011-11-09,17.709999,17.980001,17.31,17.379996,4143400,14.041474
2011-11-08,18.190003,18.389997,17.959997,17.970004,3684600,14.518148
2011-11-07,17.779995,18.32,17.749995,18.299996,3548900,14.784751
2011-11-04,17.439997,17.730003,17.159998,17.670002,2668900,14.275773
2011-11-03,17.540005,17.779995,17.37,17.649998,3928400,14.259612
2011-11-02,17.319996,17.600006,17.069997,17.330004,3839000,14.001085
2011-11-01,16.91,17.420004,16.759999,17.189998,5043300,13.887973
2011-10-31,17.600006,17.630006,17.31,17.430001,3096600,14.081874
2011-10-28,17.469997,17.940004,17.40,17.760003,2695600,14.348486
2011-10-27,17.330004,17.719995,17.120001,17.540005,5698600,14.170747
2011-10-26,16.960004,17.020004,16.609998,16.979997,3814400,13.718311
2011-10-25,16.290002,16.849999,15.99,16.660002,4362500,13.459784
2011-10-24,15.740002,16.299999,15.719998,16.290002,4131400,13.160858
2011-10-21,15.329995,15.700006,15.299995,15.640006,3618300,12.635719
2011-10-20,15.220002,15.379999,14.880003,15.060004,4319700,12.167129
2011-10-19,15.710002,15.770003,15.280002,15.289998,4741700,12.352944
2011-10-18,15.539997,15.749999,14.92,15.659998,5084100,12.65187
2011-10-17,15.650002,15.670006,15.329995,15.430003,3620400,12.466056
2011-10-14,15.370003,15.590001,15.120005,15.590001,3170500,12.595319
2011-10-13,15.500001,15.500001,15.160001,15.259998,2558400,12.328707
2011-10-12,15.509997,15.670006,15.329995,15.580005,3265700,12.587243
2011-10-11,15.220002,15.299995,14.929996,15.280002,3406000,12.344868
2011-10-10,15.190002,15.389995,15.150005,15.319999,4986000,12.377182
2011-10-07,15.100001,15.190002,14.649998,14.790003,4052400,11.948993
2011-10-06,14.869996,15.190002,14.619998,15.180005,4455800,12.26408
2011-10-05,14.709998,15.000004,14.709998,14.929996,9596900,12.062095
2011-10-04,15.049997,15.109997,14.289994,14.690006,9298400,11.868204
2011-10-03,15.550005,16.020001,15.299995,15.329995,4636800,12.385258
2011-09-30,15.150005,15.800003,15.030004,15.319999,6076900,12.377182
2011-09-29,15.590001,15.710002,15.239994,15.509997,4968400,12.530683
2011-09-28,15.909996,16.140001,15.340003,15.349999,5374000,12.40142
2011-09-27,16.729999,16.789999,15.819995,15.890003,8632700,12.837694
2011-09-26,15.849996,16.209998,15.710002,16.149998,7719900,13.047747
2011-09-23,16.269998,16.339995,15.289998,15.819995,6859600,12.781134
2011-09-22,16.949996,17.170005,16.470005,16.609998,6825200,13.419385
2011-09-21,17.630006,18.490005,17.540005,17.89,9615600,14.453512
2011-09-20,17.199994,17.910004,17.150002,17.769999,5779600,14.356562
2011-09-19,17.249998,17.330004,16.990004,17.140005,5506900,13.847584
2011-09-16,16.900004,17.170005,16.759999,17.090001,6181300,13.807185
2011-09-15,16.859996,17.099997,16.500005,16.840003,5541200,13.605209
2011-09-14,16.990004,17.099997,16.810003,16.819999,4772500,13.589047
2011-09-13,16.699998,17.140005,16.540001,17.129998,4490900,13.839499
2011-09-12,16.660002,16.979997,16.190005,16.609998,5657300,13.419385
2011-09-09,16.549997,17.300004,16.519997,17.229994,6894700,13.920287
2011-09-08,16.849999,16.889996,16.620006,16.620006,6046200,13.427471
2011-09-07,16.290002,16.729999,16.140001,16.669998,3779100,13.46786
2011-09-06,16.39,16.889996,16.249994,16.690002,8618900,13.484021
2011-09-02,16.709995,16.949996,16.630002,16.829996,4704400,13.597124
2011-09-01,16.630002,16.780003,16.480001,16.690002,4298000,13.484021
2011-08-31,16.549997,16.690002,16.309995,16.570001,4601500,13.387071
2011-08-30,16.560005,16.660002,16.350004,16.560005,3394600,13.265884
2011-08-29,16.560005,16.590005,16.059997,16.279995,3917300,13.041574
2011-08-26,15.96,16.299999,15.599998,16.279995,3346900,13.041574
2011-08-25,15.650002,16.100005,15.590001,16.010004,4124200,12.825289
2011-08-24,16.230002,16.260002,15.650002,15.90,5633800,12.737167
2011-08-23,16.579998,16.780003,16.050001,16.110001,8191800,12.905395
2011-08-22,16.919996,17.610002,16.91,17.379996,8407800,13.922762
2011-08-19,16.549997,16.97,16.519997,16.840003,4446200,13.490185
2011-08-18,16.729999,16.789999,16.309995,16.440004,4608800,13.169753
2011-08-17,16.840003,17.150002,16.690002,16.769995,4241900,13.434102
2011-08-16,16.870003,16.979997,16.709995,16.720002,4065700,13.394054
2011-08-15,16.299999,16.900004,16.219994,16.870003,4031500,13.514217
2011-08-12,16.249994,16.500005,15.980004,16.399995,5237700,13.137703
2011-08-11,15.980004,16.930004,15.969996,16.690002,8207600,13.370022
2011-08-10,15.389995,16.530005,15.289998,16.329999,12561900,13.081631
2011-08-09,15.130001,15.560001,14.61,15.530001,9311400,12.440768
2011-08-08,15.199998,15.460003,14.649998,14.649998,9591200,11.735816
2011-08-05,15.419995,15.520005,14.55,14.799999,11142100,11.855979
2011-08-04,15.950004,16.029997,15.070001,15.310002,9160800,12.264532
2011-08-03,16.040004,16.42,15.980004,16.029997,6507700,12.841305
2011-08-02,15.950004,16.119997,15.819995,16.040004,6878800,12.849322
2011-08-01,15.520005,15.879996,15.509997,15.710002,5715700,12.584964
2011-07-29,15.409999,15.620002,15.400003,15.590001,6729500,12.488833
2011-07-28,15.299995,15.610005,15.190002,15.580005,6142000,12.480825
2011-07-27,15.680002,15.800003,15.400003,15.490005,8985200,12.408728
2011-07-26,15.620002,15.689998,15.500001,15.620002,2366400,12.512866
2011-07-25,15.740002,15.789995,15.539997,15.550005,4197000,12.456793
2011-07-22,15.520005,15.580005,15.400003,15.449996,2651800,12.376679
2011-07-21,15.599998,15.659998,15.379999,15.560001,3478700,12.464801
2011-07-20,15.259998,15.650002,15.190002,15.569997,2942700,12.472808
2011-07-19,15.749999,15.770003,15.430003,15.500001,5592700,12.416736
2011-07-18,15.569997,15.800003,15.530001,15.569997,4889300,12.472808
2011-07-15,15.340003,15.490005,15.229998,15.449996,3803500,12.376679
2011-07-14,15.620002,15.670006,15.139997,15.220002,4663700,12.192435
2011-07-13,15.269994,15.659998,15.199998,15.449996,6291800,12.376679
2011-07-12,14.49,15.250002,14.459999,15.120005,7480900,12.112329
2011-07-11,14.600005,14.709998,14.379995,14.459999,3408500,11.583612
2011-07-08,14.779995,14.98,14.58,14.630005,3121600,11.7198
2011-07-07,14.98,15.01,14.880003,14.910003,3750800,11.944101
2011-07-06,14.630005,14.95,14.600005,14.839995,4691900,11.888019
2011-07-05,14.499996,14.589996,14.319995,14.49,4165700,11.607645
2011-07-01,14.420003,14.429999,14.099997,14.249998,2793200,11.415384
2011-06-30,14.55,14.649998,14.480003,14.589996,2928600,11.68775
2011-06-29,14.360003,14.640002,14.279998,14.52,4289000,11.631678
2011-06-28,14.170005,14.390003,14.069997,14.339999,5283100,11.487482
2011-06-27,13.909999,13.990004,13.780002,13.799995,4207800,11.054896
2011-06-24,14.060001,14.090001,13.740006,13.919996,5356300,11.151026
2011-06-23,14.060001,14.120001,13.620004,14.099997,7443000,11.295221
2011-06-22,14.409995,14.720006,14.379995,14.540005,6466000,11.647702
2011-06-21,14.369999,14.649998,14.339999,14.570005,5102700,11.671735
2011-06-20,14.330002,14.570005,14.300002,14.330002,4160500,11.479474
2011-06-17,14.120001,14.330002,14.080004,14.230005,9291400,11.399368
2011-06-16,14.510005,14.61,14.110005,14.309998,3873600,11.463449
2011-06-15,14.420003,14.700002,14.339999,14.529996,3655500,11.639685
2011-06-14,14.309998,14.679998,14.260006,14.61,3769100,11.703775
2011-06-13,14.55,14.61,14.319995,14.450003,3223800,11.575604
2011-06-10,14.649998,14.709998,14.429999,14.589996,3491200,11.68775
2011-06-09,14.809995,14.869996,14.679998,14.829999,5970900,11.880011
2011-06-08,14.760002,14.880003,14.429999,14.619998,5458500,11.711783
2011-06-07,15.100001,15.180005,14.880003,14.98,6162000,12.000174
2011-06-06,15.550005,15.680002,14.720006,14.869996,9745400,11.912052
2011-06-03,15.830003,16.059997,15.830003,15.90,3526800,12.737167
2011-06-02,16.200002,16.269998,15.710002,16.050001,4422500,12.85733
2011-06-01,16.399995,16.429997,16.050001,16.050001,4074400,12.85733
2011-05-31,16.410004,16.459997,16.219994,16.440004,4678800,13.169753
2011-05-27,16.050001,16.160005,15.809999,16.029997,4562100,12.841305
2011-05-26,16.050001,16.080001,15.789995,15.99,4036100,12.809264
2011-05-25,15.729995,16.140001,15.719998,16.100005,7082500,12.897387
2011-05-24,15.640006,15.879996,15.620002,15.830003,3336300,12.681094
2011-05-23,15.479996,15.650002,15.409999,15.520005,3680700,12.432761
2011-05-20,15.719998,15.890003,15.379999,15.680002,4895200,12.560931
2011-05-19,15.479996,15.629998,15.400003,15.569997,3220800,12.472808
2011-05-18,15.509997,15.629998,15.370003,15.520005,3176000,12.432761
2011-05-17,15.250002,15.470001,15.109997,15.409999,4794300,12.344638
2011-05-16,15.319999,15.640006,15.299995,15.389995,4644200,12.328613
2011-05-13,15.520005,15.610005,15.130001,15.340003,6157800,12.288565
2011-05-12,15.349999,15.700006,15.169998,15.539997,6691600,12.448776
2011-05-11,15.909996,15.939996,15.379999,15.560001,6727100,12.464801
2011-05-10,16.010004,16.130005,15.939996,16.010004,3311400,12.825289
2011-05-09,15.980004,16.140001,15.869999,16.119997,4137600,12.913403
2011-05-06,16.149998,16.399995,15.879996,15.920004,5966400,12.753192
2011-05-05,16.260002,16.299999,15.719998,15.90,7069700,12.737167
2011-05-04,16.819999,16.849999,16.339995,16.660002,5745900,13.345989
2011-05-03,17.450005,17.529997,16.620006,16.810003,7459500,13.466152
2011-05-02,17.719995,17.929996,17.34,17.460001,4579600,13.986852
2011-04-29,17.679998,17.95,17.480005,17.839996,5738200,14.291259
2011-04-28,17.559998,17.790003,17.420004,17.460001,3731200,13.986852
2011-04-27,17.739999,17.760003,17.349996,17.760003,5919200,14.227178
2011-04-26,17.739999,17.799999,17.469997,17.559998,2438100,14.066958
2011-04-25,18.090006,18.109999,17.689995,17.809996,2434500,14.267226
2011-04-21,17.929996,18.049997,17.790003,17.95,3518900,14.379381
2011-04-20,17.86,18.040001,17.799999,17.880004,3820700,14.323308
2011-04-19,17.550001,17.689995,17.360004,17.679998,3573300,14.163087
2011-04-18,17.649998,17.839996,17.270003,17.540005,7649700,14.050942
2011-04-15,17.790003,17.929996,17.640002,17.880004,3079700,14.323308
2011-04-14,17.679998,18.049997,17.659995,17.970004,4689100,14.395406
2011-04-13,18.090006,18.190003,17.600006,17.769999,3983700,14.235186
2011-04-12,18.190003,18.209994,17.850003,17.980001,3347500,14.403414
2011-04-11,18.370004,18.479997,18.000004,18.139999,3458200,14.531585
2011-04-08,18.280004,18.699995,18.239996,18.550005,4018600,14.860032
2011-04-07,18.239996,18.410001,17.980001,18.149994,3080900,14.539592
2011-04-06,18.370004,18.490005,18.199999,18.38,2944600,14.723845
2011-04-05,17.640002,18.35,17.630006,18.29,4457300,14.651747
2011-04-04,17.760003,17.799999,17.550001,17.600006,1869400,14.099008
2011-04-01,17.520001,17.709999,17.330004,17.540005,4047500,14.050942
2011-03-31,17.450005,17.520001,17.31,17.460001,2873900,13.986852
2011-03-30,17.210002,17.360004,17.060001,17.300004,3584400,13.858682
2011-03-29,16.849999,17.120001,16.789999,16.840003,3839600,13.490185
2011-03-28,16.600002,16.919996,16.540001,16.750003,3456600,13.418087
2011-03-25,16.900004,17.020004,16.729999,16.819999,3479400,13.47416
2011-03-24,17.240003,17.480005,16.930004,17.030001,6841600,13.642388
2011-03-23,16.510001,17.030001,16.480001,17.000001,4241900,13.618356
2011-03-22,16.309995,16.549997,16.260002,16.519997,3908500,13.233834
2011-03-21,16.680006,16.829996,16.590005,16.810003,2024900,13.466152
2011-03-18,16.519997,16.560005,16.230002,16.410004,4187700,13.145721
2011-03-17,16.350004,16.510001,16.140001,16.380004,3659400,13.121688
2011-03-16,16.930004,16.979997,16.230002,16.429997,4307600,13.161737
2011-03-15,16.480001,17.080005,16.36,17.030001,4833000,13.642388
2011-03-14,17.430001,17.540005,17.300004,17.480005,2326400,14.002877
2011-03-11,16.979997,17.570005,16.889996,17.379996,3619500,13.922762
2011-03-10,17.110005,17.31,16.930004,17.110005,4371200,13.706478
2011-03-09,17.739999,17.799999,17.520001,17.589998,2738100,14.09099
2011-03-08,17.659995,17.940004,17.420004,17.799999,4870500,14.181512
2011-03-07,17.89,17.910004,17.430001,17.490001,3390000,13.934532
2011-03-04,17.700002,17.769999,17.439997,17.580002,5365400,14.006237
2011-03-03,17.95,18.019997,17.709999,17.779995,4532500,14.165574
2011-03-02,18.100001,18.329996,17.940004,18.130003,4057300,14.44443
2011-03-01,17.940004,18.040001,17.839996,17.880004,4018400,14.245253
2011-02-28,17.799999,17.980001,17.689995,17.910004,1972600,14.269155
2011-02-25,17.430001,17.630006,17.300004,17.630006,2329600,14.046076
2011-02-24,17.649998,17.749995,17.240003,17.259996,3931100,13.751283
2011-02-23,17.550001,17.829999,17.499997,17.640002,4317000,14.05404
2011-02-22,17.760003,17.790003,17.289996,17.289996,3929400,13.775185
2011-02-18,17.300004,17.589998,17.110005,17.289996,5575300,13.775185
2011-02-17,16.799995,16.979997,16.609998,16.819999,3881600,13.400732
2011-02-16,16.440004,16.620006,16.239998,16.579998,5303400,13.209519
2011-02-15,16.059997,16.269998,16.010004,16.160005,4588500,12.874905
2011-02-14,15.879996,15.950004,15.819995,15.869999,3257600,12.643853
2011-02-11,15.969996,16.100005,15.830003,15.839999,4472200,12.619952
2011-02-10,16.010004,16.059997,15.659998,15.980004,4141200,12.731496
2011-02-09,16.410004,16.459997,16.160005,16.290002,4218600,12.978476
2011-02-08,16.350004,16.540001,16.299999,16.530005,3640300,13.169689
2011-02-07,16.160005,16.380004,16.070005,16.209998,3255900,12.914736
2011-02-04,16.290002,16.350004,15.999997,16.149998,3558800,12.866933
2011-02-03,16.050001,16.36,15.770003,16.299999,5295200,12.986441
2011-02-02,16.219994,16.290002,16.010004,16.119997,3812000,12.84303
2011-02-01,15.93,16.149998,15.729995,16.110001,4733100,12.835067
2011-01-31,15.729995,15.93,15.650002,15.869999,5096200,12.643853
2011-01-28,15.610005,16.290002,15.610005,15.849996,7352900,12.627917
2011-01-27,16.160005,16.239998,15.830003,15.96,4850300,12.715558
2011-01-26,15.839999,16.39,15.759995,16.369995,6383200,13.042208
2011-01-25,15.819995,16.029997,15.729995,15.909996,6429800,12.675719
2011-01-24,16.249994,16.500005,16.089997,16.209998,4335200,12.914736
2011-01-21,16.410004,16.480001,16.200002,16.380004,6212100,13.050181
2011-01-20,16.200002,16.680006,16.149998,16.470005,5235400,13.121886
2011-01-19,16.739995,16.870003,16.410004,16.560005,3638800,13.193591
2011-01-18,16.739995,16.960004,16.690002,16.889996,2102300,13.456499
2011-01-14,16.650006,16.829996,16.530005,16.669998,4139500,13.281224
2011-01-13,17.240003,17.289996,16.810003,16.88,3265000,13.448536
2011-01-12,17.300004,17.37,17.129998,17.270003,3733500,13.759256
2011-01-11,17.259996,17.460001,17.150002,17.289996,2865900,13.775185
2011-01-10,16.97,17.219998,16.88,17.170005,5456200,13.679587
2011-01-07,16.669998,17.249998,16.669998,17.030001,6008400,13.568044
2011-01-06,17.199994,17.259996,16.709995,16.819999,5061700,13.400732
2011-01-05,17.249998,17.40,17.080005,17.360004,3663700,13.830961
2011-01-04,17.869996,17.940004,17.129998,17.490001,4581100,13.934532
2011-01-03,18.269996,18.38,18.019997,18.139999,3173200,14.452394
2010-12-31,17.970004,18.239996,17.929996,18.130003,1376200,14.44443
2010-12-30,18.040001,18.120006,17.730003,17.929996,1903300,14.285082
2010-12-29,17.92,18.070001,17.769999,17.910004,1208100,14.269155
2010-12-28,17.769999,17.980001,17.709999,17.970004,1739200,14.316957
2010-12-27,17.869996,17.869996,17.450005,17.610002,999900,14.030138
2010-12-23,17.469997,17.899996,17.40,17.799999,2247100,14.181512
2010-12-22,17.469997,17.550001,17.379996,17.379996,2510800,13.846889
2010-12-21,17.640002,17.730003,17.460001,17.559998,2711500,13.990299
2010-12-20,17.869996,18.000004,17.670002,17.850003,2337500,14.221351
2010-12-17,17.839996,17.970004,17.580002,17.749995,5299600,14.141673
2010-12-16,17.850003,17.89,17.379996,17.649998,6204200,14.062004
2010-12-15,18.179994,18.490005,17.880004,17.940004,6496100,14.293056
2010-12-14,18.209994,18.530001,18.070001,18.490005,5092300,14.731249
2010-12-13,18.120006,18.250003,17.989997,18.060005,2294900,14.388663
2010-12-10,17.719995,17.940004,17.529997,17.790003,3512200,14.173548
2010-12-09,17.790003,17.869996,17.610002,17.799999,2834800,14.181512
2010-12-08,17.730003,17.809996,17.490001,17.529997,4493700,13.966397
2010-12-07,18.299996,18.340004,17.790003,17.790003,4547800,14.173548
2010-12-06,18.030005,18.220003,17.959997,18.130003,2923300,14.44443
2010-12-03,17.550001,18.190003,17.520001,18.120006,5924100,14.436465
2010-12-02,17.110005,17.510005,17.099997,17.37,6478400,13.838925
2010-12-01,16.669998,16.94,16.560005,16.780003,6109500,13.368866
2010-11-30,16.36,16.799995,16.320004,16.690002,5033700,13.297161
2010-11-29,16.399995,16.709995,16.249994,16.620006,4388100,13.241394
2010-11-26,16.380004,16.519997,16.299999,16.459997,1947500,13.113913
2010-11-24,16.840003,16.88,16.680006,16.849999,2649200,13.424633
2010-11-23,16.780003,16.889996,16.560005,16.699998,3373000,13.305125
2010-11-22,16.669998,16.960004,16.540001,16.94,2869100,13.496338
2010-11-19,16.680006,16.91,16.620006,16.690002,4333500,13.297161
2010-11-18,16.859996,16.979997,16.660002,16.709995,4294100,13.31309
2010-11-17,16.570001,16.949996,16.570001,16.669998,3690700,13.281224
2010-11-16,16.930004,17.000001,16.530005,16.609998,6661700,13.233421
2010-11-15,17.460001,17.580002,17.159998,17.159998,4469500,13.671614
2010-11-12,17.769999,17.959997,17.199994,17.31,6902900,13.791122
2010-11-11,17.92,18.060005,17.610002,17.980001,5628500,14.324922
2010-11-10,17.40,17.820003,17.180002,17.820003,10168200,14.197449
2010-11-09,17.719995,17.929996,16.759999,16.91,9475800,13.472437
2010-11-08,16.990004,17.28,16.759999,17.229994,4395300,13.727381
2010-11-05,16.819999,17.189998,16.720002,16.859996,5090000,13.432598
2010-11-04,16.249994,16.840003,16.149998,16.769995,6232100,13.360893
2010-11-03,15.749999,15.830003,15.379999,15.629998,5285300,12.452641
2010-11-02,15.700006,15.909996,15.629998,15.809999,2960600,12.59605
2010-11-01,15.650002,15.800003,15.550005,15.659998,2121800,12.476542
2010-10-29,15.689998,15.809999,15.599998,15.770003,3678100,12.564185
2010-10-28,15.160001,15.640006,15.01,15.430003,4851100,12.293303
2010-10-27,15.280002,15.280002,14.799999,15.030004,5376300,11.974617
2010-10-26,15.239994,15.419995,15.130001,15.329995,4195600,12.213625
2010-10-25,15.409999,15.580005,15.389995,15.389995,3966900,12.261428
2010-10-22,15.079997,15.349999,15.019997,15.329995,3298700,12.213625
2010-10-21,15.349999,15.539997,15.000004,15.139997,4870500,12.06225
2010-10-20,15.310002,15.610005,15.259998,15.409999,4205600,12.277365
2010-10-19,15.239994,15.389995,15.000004,15.070001,5014800,12.006484
2010-10-18,15.650002,15.749999,15.560001,15.689998,3569600,12.500444
2010-10-15,15.789995,15.830003,15.569997,15.770003,3786900,12.564185
2010-10-14,15.890003,16.100005,15.789995,15.890003,3651800,12.659791
2010-10-13,15.800003,16.260002,15.749999,16.160005,5568900,12.874905
2010-10-12,15.740002,15.770003,15.500001,15.719998,4340100,12.524345
2010-10-11,15.590001,15.789995,15.449996,15.740002,4284300,12.540283
2010-10-08,15.500001,15.700006,15.439999,15.670006,3728200,12.484516
2010-10-07,15.779999,15.779999,15.359995,15.509997,8195000,12.357034
2010-10-06,15.789995,15.939996,15.670006,15.93,3844700,12.691657
2010-10-05,15.580005,15.99,15.539997,15.800003,5844100,12.588086
2010-10-04,15.250002,15.269994,15.100001,15.220002,2574100,12.125992
2010-10-01,15.310002,15.500001,15.190002,15.269994,3645300,12.165821
2010-09-30,15.190002,15.289998,14.959996,15.269994,4974300,12.165821
2010-09-29,15.019997,15.269994,14.98,15.169998,4994100,12.086153
2010-09-28,14.809995,15.160001,14.750006,15.120005,6829200,12.046323
2010-09-27,15.040001,15.070001,14.859999,14.859999,2723000,11.839172
2010-09-24,15.139997,15.139997,14.820003,15.060004,4513700,11.998519
2010-09-23,15.139997,15.169998,14.820003,14.899996,6176900,11.871038
2010-09-22,15.289998,15.509997,15.109997,15.340003,6299800,12.221598
2010-09-21,15.049997,15.239994,14.779995,15.160001,6502400,12.078188
2010-09-20,14.95,15.190002,14.92,15.049997,4731600,11.990546
2010-09-17,15.139997,15.190002,14.739998,14.829999,11085500,11.81527
2010-09-16,15.370003,15.500001,15.130001,15.239994,6160700,12.14192
2010-09-15,15.349999,15.470001,15.160001,15.289998,7531900,12.181759
2010-09-14,15.229998,15.839999,15.220002,15.319999,11491900,12.205661
2010-09-13,14.95,15.049997,14.850003,14.970004,4387800,11.926815
2010-09-10,14.679998,14.850003,14.55,14.720006,3359100,11.727637
2010-09-09,14.95,14.95,14.52,14.600005,5074000,11.632031
2010-09-08,14.839995,14.940004,14.720006,14.730002,4089200,11.735601
2010-09-07,14.739998,14.839995,14.61,14.779995,3459800,11.775431
2010-09-03,14.469996,14.690006,14.420003,14.649998,3581600,11.671861
2010-09-02,14.450003,14.55,14.270002,14.499996,2648100,11.552353
2010-09-01,14.319995,14.360003,14.080004,14.189998,4745100,11.305373
2010-08-31,14.270002,14.429999,14.009996,14.080004,7348800,11.217739
2010-08-30,14.319995,14.369999,14.150001,14.189998,2482700,11.305373
2010-08-27,14.180001,14.390003,13.979996,14.390003,7464800,11.46472
2010-08-26,13.979996,14.319995,13.979996,14.270002,4451200,11.369113
2010-08-25,13.720002,14.00,13.699997,14.00,4607000,11.153998
2010-08-24,13.810003,14.090001,13.660002,13.799995,4446600,10.918165
2010-08-23,14.120001,14.219998,14.050004,14.069997,3502900,11.131783
2010-08-20,14.129997,14.140005,14.00,14.129997,2860900,11.179253
2010-08-19,14.200005,14.330002,14.099997,14.289994,4871400,11.305839
2010-08-18,14.020004,14.260006,13.949996,14.249998,4362200,11.274195
2010-08-17,14.140005,14.289994,14.090001,14.230005,3465100,11.258377
2010-08-16,14.069997,14.240002,13.990004,14.180001,3368100,11.218815
2010-08-13,14.170005,14.200005,13.849999,13.960004,2564000,11.04476
2010-08-12,14.150001,14.339999,14.099997,14.230005,3778500,11.258377
2010-08-11,14.260006,14.390003,14.069997,14.210002,4365700,11.242551
2010-08-10,13.849999,14.349995,13.810003,14.249998,5375000,11.274195
2010-08-09,13.849999,14.090001,13.770006,14.080004,2769100,11.1397
2010-08-06,14.129997,14.189998,13.859995,13.930003,5815600,11.021024
2010-08-05,14.150001,14.150001,13.94,13.979996,4289400,11.060577
2010-08-04,14.150001,14.210002,14.060001,14.140005,6146200,11.187171
2010-08-03,13.669997,13.949996,13.639997,13.870003,5638300,10.973553
2010-08-02,13.620004,13.699997,13.329998,13.440003,2432900,10.63335
2010-07-30,13.160005,13.560004,13.140001,13.530004,3659300,10.704556
2010-07-29,13.040004,13.200001,12.980004,13.05,3033200,10.32479
2010-07-28,12.909996,13.110001,12.879994,13.089997,4533000,10.356435
2010-07-27,13.040004,13.110001,12.800001,12.929999,5880300,10.229849
2010-07-26,13.140001,13.200001,12.950003,13.070004,2474300,10.340617
2010-07-23,13.149997,13.220005,12.969996,13.110001,3651900,10.372261
2010-07-22,12.890003,13.140001,12.839999,13.080001,4270100,10.348526
2010-07-21,12.740001,12.899999,12.539996,12.599996,4709900,9.96876
2010-07-20,12.330006,12.730005,12.319998,12.719997,3777000,10.063702
2010-07-19,12.790006,12.860003,12.400003,12.499999,5604400,9.889645
2010-07-16,13.140001,13.190005,12.950003,12.950003,3724200,10.245675
2010-07-15,13.51,13.51,13.250005,13.440003,3214200,10.63335
2010-07-14,13.280006,13.429995,13.130005,13.290002,2906400,10.514673
2010-07-13,13.399995,13.500003,13.170001,13.200001,2987700,10.443467
2010-07-12,13.070004,13.239998,13.05,13.119997,2443500,10.38017
2010-07-09,13.029996,13.230002,12.99,13.119997,3263400,10.38017
2010-07-08,13.160005,13.200001,12.809999,12.939996,4137100,10.237758
2010-07-07,12.950003,13.149997,12.809999,13.149997,4103700,10.403905
2010-07-06,13.05,13.059997,12.62,12.710001,4627000,10.055793
2010-07-02,13.029996,13.130005,12.819994,12.830003,7145800,10.150735
2010-07-01,13.269998,13.339995,12.550004,12.790006,6808800,10.11909
2010-06-30,13.449999,13.720002,13.339995,13.369995,4410700,10.577961
2010-06-29,13.660002,13.770006,13.440003,13.500003,4136800,10.68082
2010-06-28,13.949996,14.219998,13.780002,13.780002,5421700,10.902347
2010-06-25,13.660002,14.110005,13.609996,14.020004,5924500,11.09223
2010-06-24,13.459995,13.740006,13.410003,13.470003,5126300,10.657085
2010-06-23,13.560004,13.680006,13.329998,13.549996,5621900,10.720373
2010-06-22,13.590004,13.680006,13.359999,13.399995,3945000,10.601697
2010-06-21,13.97,14.020004,13.519996,13.590004,6138700,10.752027
2010-06-18,14.300002,14.330002,14.03,14.039997,5110000,11.108048
2010-06-17,14.009996,14.260006,14.009996,14.150001,4674000,11.19508
2010-06-16,13.549996,13.879999,13.549996,13.780002,3154300,10.902347
2010-06-15,13.54,13.759997,13.500003,13.740006,3597100,10.870703
2010-06-14,13.470003,13.54,13.309994,13.359999,4430400,10.570053
2010-06-11,13.320002,13.519996,13.320002,13.419999,3597400,10.617523
2010-06-10,13.350002,13.590004,13.280006,13.479999,4366700,10.664994
2010-06-09,13.470003,13.650004,13.320002,13.429995,4891000,10.625432
2010-06-08,13.479999,13.710006,13.399995,13.51,8646300,10.68873
2010-06-07,13.250005,13.799995,13.140001,13.609996,8165300,10.767844
2010-06-04,13.419999,13.500003,13.110001,13.179997,7547800,10.42764
2010-06-03,13.990004,13.990004,13.459995,13.57,5805500,10.7362
2010-06-02,13.810003,13.960004,13.63,13.960004,3139200,11.04476
2010-06-01,13.819999,14.080004,13.710006,13.710006,5275100,10.846968
2010-05-28,13.620004,13.799995,13.579996,13.750002,5422300,10.878612
2010-05-27,13.500003,13.829995,13.459995,13.799995,6624600,10.918165
2010-05-26,13.339995,13.720002,13.220005,13.459995,9854900,10.649167
2010-05-25,12.740001,13.179997,12.640004,13.170001,8159600,10.419732
2010-05-24,12.839999,12.950003,12.59,12.62,4233200,9.984587
2010-05-21,12.160001,12.770001,12.160001,12.59,8097800,9.960852
2010-05-20,12.580004,12.99,12.490003,12.65,11042200,10.008322
2010-05-19,12.999996,13.070004,12.580004,12.99,11880900,10.27732
2010-05-18,13.459995,13.579996,13.05,13.260002,8877500,10.490938
2010-05-17,13.780002,13.840003,13.479999,13.590004,9357100,10.752027
2010-05-14,13.94,13.979996,13.479999,13.849999,8173200,10.957727
2010-05-13,13.849999,14.189998,13.650004,13.750002,6510600,10.878612
2010-05-12,13.930003,14.009996,13.729997,13.879999,11840600,10.981462
2010-05-11,13.470003,13.870003,13.369995,13.750002,13883900,10.878612
2010-05-10,12.770001,12.99,12.700005,12.96,8789200,10.253585
2010-05-07,12.879994,13.059997,12.490003,12.580004,15391600,9.952943
2010-05-06,12.929999,13.329998,12.710001,13.140001,14962300,10.395996
2010-05-05,12.879994,13.269998,12.809999,13.110001,8226100,10.372261
2010-05-04,13.329998,13.329998,12.849994,13.220005,8143400,10.459293
2010-05-03,13.449999,13.519996,13.149997,13.220005,4585300,10.459293
2010-04-30,13.339995,13.54,13.239998,13.440003,8486900,10.63335
2010-04-29,13.250005,13.449999,13.170001,13.260002,6808200,10.490938
2010-04-28,12.909996,13.389999,12.819994,13.280006,10938700,10.506765
2010-04-27,12.819994,13.170001,12.700005,13.05,8604200,10.32479
2010-04-26,13.149997,13.200001,12.929999,12.999996,4565200,10.285228
2010-04-23,12.770001,13.190005,12.730005,13.140001,4221600,10.395996
2010-04-22,12.700005,12.920003,12.59,12.899999,6030600,10.206113
2010-04-21,12.680001,12.849994,12.640004,12.770001,4849200,10.103263
2010-04-20,12.730005,12.800001,12.53,12.550004,3022000,9.929208
2010-04-19,12.56,12.640004,12.409999,12.599996,5928800,9.96876
2010-04-16,12.879994,12.920003,12.280002,12.569996,9872300,9.945025
2010-04-15,12.980004,13.200001,12.950003,13.040004,5311900,10.316882
2010-04-14,13.029996,13.179997,12.929999,13.110001,4152500,10.372261
2010-04-13,12.999996,13.02,12.680001,12.869999,6211000,10.182378
2010-04-12,13.220005,13.260002,12.999996,13.040004,4853600,10.316882
2010-04-09,13.239998,13.359999,13.119997,13.269998,5372400,10.498847
2010-04-08,13.160005,13.209998,13.059997,13.100004,5091200,10.364352
2010-04-07,13.070004,13.280006,13.02,13.230002,7261400,10.467203
2010-04-06,12.899999,13.250005,12.830003,13.080001,5322600,10.348526
2010-04-05,12.879994,13.119997,12.740001,12.99,8557300,10.27732
2010-04-01,12.680001,12.869999,12.62,12.830003,6875600,10.150735
2010-03-31,12.449995,12.710001,12.430003,12.62,6386500,9.984587
2010-03-30,12.430003,12.449995,12.150005,12.310002,4652500,9.739325
2010-03-29,12.220001,12.419995,12.180005,12.310002,5288100,9.739325
2010-03-26,12.030004,12.270005,11.910002,12.150005,8269300,9.61274
2010-03-25,12.210005,12.289998,11.959996,11.970003,6904500,9.470327
2010-03-24,12.210005,12.310002,12.090004,12.120004,8121300,9.589004
2010-03-23,12.389995,12.599996,12.289998,12.490003,5260000,9.881737
2010-03-22,12.130001,12.460003,12.049996,12.449995,4616300,9.850083
2010-03-19,12.300006,12.539996,12.220001,12.300006,9618000,9.731416
2010-03-18,12.460003,12.640004,12.330006,12.520003,5174500,9.905472
2010-03-17,12.439999,12.56,12.349998,12.439999,5402400,9.842175
2010-03-16,12.240005,12.349998,12.120004,12.340002,4792800,9.76306
2010-03-15,12.000004,12.04,11.820001,11.959996,3518000,9.46241
2010-03-12,12.130001,12.229998,11.940003,11.940003,5432000,9.446592
2010-03-11,11.919998,12.07,11.780005,12.07,4670000,9.549442
2010-03-10,12.259998,12.310002,11.929995,12.07,5374000,9.549442
2010-03-09,12.180005,12.250002,12.049996,12.160001,4196400,9.620648
2010-03-08,12.499999,12.56,12.270005,12.289998,5479900,9.723498
2010-03-05,12.120004,12.430003,12.120004,12.310002,3908700,9.739325
2010-03-04,12.289998,12.330006,12.04,12.180005,5453500,9.636475
2010-03-03,12.270005,12.400003,12.100001,12.259998,7670700,9.699763
2010-03-02,11.709997,12.060004,11.660004,11.970003,7656400,9.470327
2010-03-01,11.499995,11.630004,11.390002,11.559996,5437700,9.145941
2010-02-26,11.459999,11.58,11.309998,11.489999,5103200,9.090562
2010-02-25,11.009995,11.450003,10.939998,11.429999,9442400,9.043091
2010-02-24,11.200005,11.339998,10.990002,11.080004,9843600,8.766185
2010-02-23,11.690004,11.750005,11.099997,11.159997,9122400,8.778043
2010-02-22,11.889998,11.949998,11.589996,11.700001,5306800,9.202791
2010-02-19,11.940003,12.109997,11.869994,11.949998,4808500,9.39943
2010-02-18,12.180005,12.270005,12.019996,12.150005,5153600,9.556748
2010-02-17,12.430003,12.460003,11.869994,12.060004,7181300,9.485956
2010-02-16,12.310002,12.379999,12.169997,12.289998,6200200,9.666861
2010-02-12,11.690004,11.949998,11.529996,11.859998,6440900,9.328639
2010-02-11,11.529996,11.919998,11.409995,11.910002,8802000,9.367971
2010-02-10,11.559996,11.630004,11.230005,11.480003,6756500,9.029749
2010-02-09,11.369998,11.700001,11.249998,11.529996,13170200,9.069071
2010-02-08,11.429999,11.630004,11.180001,11.200005,7424500,8.809512
2010-02-05,11.300002,11.619996,10.930002,11.619996,12449200,9.139862
2010-02-04,11.480003,11.480003,10.879998,11.140004,19353900,8.762318
2010-02-03,11.940003,11.98,11.649996,11.940003,10557500,9.391567
2010-02-02,12.349998,12.419995,12.049996,12.130001,5903600,9.541013
2010-02-01,11.739997,12.100001,11.709997,12.100001,6515800,9.517416
2010-01-29,11.859998,11.940003,11.409995,11.420003,8702200,8.982555
2010-01-28,12.229998,12.229998,11.720005,12.030004,8105600,9.462359
2010-01-27,12.090004,12.259998,11.929995,12.130001,7958000,9.541013
2010-01-26,12.139997,12.580004,12.109997,12.250002,5844700,9.635402
2010-01-25,12.710001,12.719997,12.270005,12.389995,7456400,9.745515
2010-01-22,12.049996,12.430003,11.910002,12.349998,10219900,9.714055
2010-01-21,12.760005,12.929999,12.310002,12.319998,10555400,9.690458
2010-01-20,12.830003,12.939996,12.430003,12.899999,10725800,10.146665
2010-01-19,13.05,13.389999,13.05,13.320002,4775000,10.477024
2010-01-15,13.320002,13.359999,13.140001,13.260002,5449300,10.429831
2010-01-14,13.329998,13.60,13.320002,13.410003,4117200,10.547816
2010-01-13,13.500003,13.57,13.089997,13.549996,7223700,10.657929
2010-01-12,13.459995,13.690002,13.200001,13.320002,8255200,10.477024
2010-01-11,14.050004,14.050004,13.720002,13.889996,4244400,10.925361
2010-01-08,13.720002,13.770006,13.399995,13.750002,5221200,10.815246
2010-01-07,13.63,13.740006,13.489996,13.579996,7995300,10.681526
2010-01-06,13.699997,14.039997,13.639997,13.870003,6887600,10.909635
2010-01-05,13.51,13.829995,13.440003,13.63,6281000,10.720858
2010-01-04,13.549996,13.680006,13.470003,13.620004,5508400,10.712995
2009-12-31,13.100004,13.220005,12.999996,13.110001,2309200,10.311845
2009-12-30,12.999996,13.100004,12.879994,12.920003,3832300,10.1624
2009-12-29,13.290002,13.399995,13.110001,13.130005,2672300,10.32758
2009-12-28,13.489996,13.560004,13.250005,13.309994,3267100,10.469152
2009-12-24,13.60,13.60,13.369995,13.429995,1376800,10.563541
2009-12-23,13.339995,13.51,13.140001,13.410003,5949600,10.547816
2009-12-22,13.149997,13.280006,12.890003,13.140001,6482300,10.335442
2009-12-21,13.489996,13.51,12.980004,13.130005,7163900,10.32758
2009-12-18,13.699997,13.94,13.309994,13.519996,13178700,10.634333
2009-12-17,13.889996,13.979996,13.560004,13.690002,8806300,10.768052
2009-12-16,13.94,14.200005,13.849999,14.050004,5197500,11.051217
2009-12-15,14.069997,14.180001,13.759997,13.789999,7590700,10.846706
2009-12-14,14.099997,14.219998,13.829995,14.210002,6737500,11.177066
2009-12-11,13.979996,14.159997,13.710006,13.840003,6829100,10.886038
2009-12-10,14.230005,14.300002,13.909999,14.00,7604700,11.011886
2009-12-09,13.660002,13.979996,13.500003,13.870003,7769000,10.909635
2009-12-08,14.099997,14.099997,13.500003,13.609996,9420900,10.705123
2009-12-07,14.369999,14.469996,14.039997,14.129997,13131000,11.114137
2009-12-04,15.259998,15.289998,14.230005,14.619998,12271400,11.499553
2009-12-03,15.710002,15.759995,15.389995,15.409999,6525100,12.12094
2009-12-02,15.520005,15.879996,15.430003,15.819995,12056700,12.443427
2009-12-01,15.229998,15.500001,15.220002,15.419995,9413000,12.128802
2009-11-30,14.670002,14.829999,14.55,14.779995,7421300,11.625401
2009-11-27,14.360003,14.750006,14.260006,14.469996,5000000,11.381568
2009-11-25,14.929996,15.199998,14.790003,15.109997,7387600,11.884969
2009-11-24,14.859999,14.859999,14.529996,14.679998,7570100,11.546747
2009-11-23,14.899996,14.989996,14.660006,14.739998,9264600,11.593941
2009-11-20,14.349995,14.730002,14.300002,14.640002,6804700,11.515288
2009-11-19,14.180001,14.730002,13.97,14.679998,10188500,11.546747
2009-11-18,14.700002,14.790003,14.210002,14.319995,6683700,11.263582
2009-11-17,14.630005,14.799999,14.330002,14.709998,7194800,11.570344
2009-11-16,14.690006,15.190002,14.640002,15.000004,7652900,11.798452
2009-11-13,14.120001,14.570005,14.020004,14.450003,5008900,11.365842
2009-11-12,14.49,14.589996,13.889996,14.099997,8091000,11.09054
2009-11-11,14.940004,14.940004,14.409995,14.649998,6283500,11.52315
2009-11-10,14.499996,14.730002,14.300002,14.619998,6082000,11.499553
2009-11-09,14.630005,14.750006,14.360003,14.559996,6952500,11.452358
2009-11-06,14.00,14.300002,13.870003,14.00,7434500,11.011886
2009-11-05,13.759997,13.819999,13.51,13.699997,6535200,10.775915
2009-11-04,14.069997,14.289994,13.470003,13.710006,12989900,10.783787
2009-11-03,12.490003,14.050004,12.490003,14.009996,14093300,11.019748
2009-11-02,12.830003,13.290002,12.520003,12.819994,8375400,10.083737
2009-10-30,13.059997,13.130005,12.409999,12.749997,8562100,10.02868
2009-10-29,12.909996,13.660002,12.909996,13.410003,6655600,10.547816
2009-10-28,13.329998,13.57,12.689997,12.689997,7676200,9.981486
2009-10-27,13.470003,13.710006,13.239998,13.479999,7848800,10.602872
2009-10-26,14.129997,14.379995,13.459995,13.519996,8406800,10.634333
2009-10-23,14.289994,14.420003,14.099997,14.159997,6665700,11.137734
2009-10-22,14.210002,14.379995,14.009996,14.180001,7150400,11.153468
2009-10-21,14.159997,14.679998,14.050004,14.150001,8048400,11.129871
2009-10-20,14.349995,14.390003,13.949996,14.180001,7631700,11.153468
2009-10-19,14.49,14.52,14.150001,14.439995,7093700,11.35797
2009-10-16,14.390003,14.720006,14.309998,14.529996,7298300,11.428762
2009-10-15,14.349995,14.820003,14.330002,14.529996,7256400,11.428762
2009-10-14,15.060004,15.169998,14.809995,14.92,6545900,11.735524
2009-10-13,14.850003,15.120005,14.589996,15.049997,8137300,11.837775
2009-10-12,14.769999,15.079997,14.499996,14.660006,4608400,11.531022
2009-10-09,14.679998,14.869996,14.409995,14.640002,6571700,11.515288
2009-10-08,14.850003,15.239994,14.679998,14.989996,9676200,11.79058
2009-10-07,14.92,15.019997,14.559996,14.929996,9232100,11.743386
2009-10-06,14.49,15.060004,14.200005,14.889999,15284600,11.711926
2009-10-05,13.419999,14.03,13.359999,13.97,6887100,10.988289
2009-10-02,13.200001,13.750002,13.170001,13.280006,9106400,10.445565
2009-10-01,13.720002,13.789999,13.339995,13.429995,10316200,10.563541
2009-09-30,13.789999,13.879999,13.250005,13.780002,11472300,10.838843
2009-09-29,13.290002,13.650004,13.149997,13.590004,6380700,10.689398
2009-09-28,13.220005,13.710006,13.100004,13.290002,5259400,10.453428
2009-09-25,13.389999,13.639997,13.260002,13.389999,8133200,10.532082
2009-09-24,13.669997,13.669997,13.080001,13.309994,7611500,10.469152
2009-09-23,13.699997,13.879999,13.380003,13.380003,7778200,10.524219
2009-09-22,14.140005,14.189998,13.900003,13.979996,6686700,10.996151
2009-09-21,13.849999,13.919996,13.579996,13.699997,8461700,10.775915
2009-09-18,14.200005,14.319995,13.819999,14.159997,11054100,11.137734
2009-09-17,14.660006,14.799999,13.799995,14.120001,9130800,11.106274
2009-09-16,14.899996,15.000004,14.700002,14.760002,9036600,11.609675
2009-09-15,14.180001,14.55,14.140005,14.529996,8520100,11.428762
2009-09-14,14.009996,14.429999,13.960004,14.180001,7513500,11.153468
2009-09-11,14.52,14.769999,14.249998,14.420003,8294400,11.342245
2009-09-10,13.720002,14.270002,13.560004,14.189998,7341100,11.161331
2009-09-09,14.360003,14.450003,13.57,13.810003,9195900,10.862441
2009-09-08,14.499996,14.540005,14.009996,14.090001,10526300,11.082677
2009-09-04,13.60,13.729997,13.51,13.63,7469100,10.720858
2009-09-03,13.320002,14.210002,13.130005,13.729997,16661300,10.799512
2009-09-02,12.04,13.230002,11.919998,13.200001,15388800,10.382636
2009-09-01,11.859998,12.100001,11.649996,11.859998,5212700,9.328639
2009-08-31,11.910002,12.120004,11.850002,12.07,3545400,9.493818
2009-08-28,12.210005,12.250002,11.889998,12.180005,4011000,9.580344
2009-08-27,11.810005,12.150005,11.559996,12.07,3327700,9.493818
2009-08-26,11.780005,11.840005,11.559996,11.750005,3585100,9.242123
2009-08-25,12.379999,12.409999,11.970003,12.090004,4187300,9.427749
2009-08-24,12.04,12.330006,11.899994,11.910002,3756600,9.287384
2009-08-21,12.359995,12.409999,12.130001,12.199997,3588800,9.513521
2009-08-20,11.859998,12.07,11.760001,12.030004,3676700,9.380961
2009-08-19,11.760001,12.030004,11.660004,11.869994,4258000,9.256186
2009-08-18,11.829998,12.090004,11.810005,11.949998,3752400,9.318573
2009-08-17,11.720005,11.750005,11.450003,11.510003,4462600,8.975466
2009-08-14,12.62,12.719997,12.150005,12.319998,3341000,9.607097
2009-08-13,12.499999,12.689997,12.300006,12.469999,5321400,9.724068
2009-08-12,11.799997,12.220001,11.760001,11.949998,4614600,9.318573
2009-08-11,11.869994,11.880002,11.540003,11.67,4652300,9.100231
2009-08-10,12.049996,12.139997,11.760001,11.899994,2993800,9.27958
2009-08-07,12.430003,12.479995,12.07,12.109997,4196500,9.443339
2009-08-06,12.719997,12.830003,12.439999,12.670004,5026400,9.880031
2009-08-05,12.59,12.730005,12.349998,12.53,6431400,9.770856
2009-08-04,12.419995,12.969996,12.289998,12.59,6868200,9.817644
2009-08-03,12.300006,12.599996,12.150005,12.389995,4509700,9.661681
2009-07-31,11.690004,12.139997,11.55,12.060004,4796000,9.404355
2009-07-30,11.750005,11.899994,11.540003,11.619996,3270100,9.061238
2009-07-29,11.559996,11.570004,11.189997,11.450003,4834800,8.928678
2009-07-28,11.489999,11.61,11.249998,11.55,4985700,9.006655
2009-07-27,11.919998,11.98,11.750005,11.859998,3351600,9.248391
2009-07-24,11.829998,11.989996,11.730001,11.880002,3644600,9.26399
2009-07-23,11.859998,12.240005,11.850002,12.01,5102800,9.365362
2009-07-22,11.769997,12.180005,11.709997,11.98,4732300,9.341968
2009-07-21,12.01,12.07,11.399999,11.660004,4787600,9.092436
2009-07-20,11.869994,11.989996,11.67,11.919998,6308100,9.295179
2009-07-17,11.459999,11.769997,11.439995,11.679997,4251800,9.108027
2009-07-16,11.519999,11.739997,11.360002,11.649996,3171500,9.084632
2009-07-15,11.780005,12.030004,11.739997,11.820001,4400500,9.217201
2009-07-14,11.540003,11.58,11.320006,11.459999,3768700,8.936473
2009-07-13,10.879998,11.200005,10.620004,11.159997,5516600,8.702532
2009-07-10,10.860005,11.150001,10.789997,11.009995,4195600,8.585561
2009-07-09,11.150001,11.390002,10.990002,10.990002,4855300,8.569971
2009-07-08,11.240001,11.369998,10.789997,11.029999,5926200,8.60116
2009-07-07,11.499995,11.760001,11.420003,11.529996,4307700,8.991056
2009-07-06,11.339998,11.540003,11.219997,11.469995,4626000,8.944268
2009-07-02,11.889998,12.539996,11.730001,11.959996,4879500,9.326369
2009-07-01,12.449995,12.710001,12.359995,12.539996,3954900,9.778651
2009-06-30,12.400003,12.520003,12.000004,12.049996,5387200,9.39655
2009-06-29,12.499999,12.56,12.240005,12.389995,3828600,9.661681
2009-06-26,12.659997,12.689997,12.240005,12.319998,3395800,9.607097
2009-06-25,12.319998,12.640004,12.139997,12.640004,6172400,9.856637
2009-06-24,11.919998,12.280002,11.820001,12.199997,6953600,9.513521
2009-06-23,11.339998,11.660004,11.099997,11.600004,6089600,9.045648
2009-06-22,11.850002,11.929995,11.189997,11.330002,8244000,8.835101
2009-06-19,12.090004,12.539996,12.01,12.409999,8501100,9.67728
2009-06-18,11.859998,12.270005,11.630004,11.829998,9659000,9.224997
2009-06-17,11.510003,11.949998,11.360002,11.929995,6907900,9.302975
2009-06-16,11.559996,11.760001,11.409995,11.58,5122500,9.030049
2009-06-15,11.589996,11.589996,11.200005,11.270002,5883800,8.788314
2009-06-12,11.649996,11.850002,11.499995,11.649996,4925800,9.084632
2009-06-11,11.679997,12.120004,11.469995,11.820001,6810600,9.217201
2009-06-10,12.289998,12.359995,11.700001,11.910002,5887400,9.287384
2009-06-09,12.419995,12.419995,11.959996,12.160001,5446200,9.482332
2009-06-08,11.720005,12.090004,11.540003,12.030004,7661900,9.380961
2009-06-05,12.370002,12.610004,11.859998,12.210005,6813200,9.521325
2009-06-04,12.770001,12.980004,12.62,12.779997,9519900,9.965804
2009-06-03,13.290002,13.329998,12.300006,12.65,8392800,9.864432
2009-06-02,13.489996,13.810003,13.410003,13.720002,5856800,10.698816
2009-06-01,13.609996,13.799995,13.299998,13.389999,6065100,10.441481
2009-05-29,13.489996,13.990004,13.280006,13.579996,8862600,10.58964
2009-05-28,12.939996,13.260002,12.839999,13.080001,9746700,10.199745
2009-05-27,13.100004,13.209998,12.640004,12.719997,5490200,9.919016
2009-05-26,12.689997,13.190005,12.53,13.02,6369700,10.152957
2009-05-22,13.299998,13.51,12.980004,13.05,5968300,10.176351
2009-05-21,12.819994,13.280006,12.460003,13.220005,7603000,10.30892
2009-05-20,12.610004,13.239998,12.599996,12.950003,9486800,10.098373
2009-05-19,11.910002,12.680001,11.859998,12.449995,5642600,9.708469
2009-05-18,12.349998,12.419995,11.750005,12.109997,4996000,9.443339
2009-05-15,12.409999,12.599996,12.030004,12.280002,4839600,9.575909
2009-05-14,12.130001,12.580004,11.799997,12.400003,4942300,9.669485
2009-05-13,12.62,12.920003,12.109997,12.250002,6349600,9.552515
2009-05-12,12.370002,12.800001,12.310002,12.629996,7610900,9.848833
2009-05-11,12.019996,12.300006,11.899994,12.270005,5651100,9.568113
2009-05-08,11.869994,12.060004,11.64,11.98,5628400,9.341968
2009-05-07,12.060004,12.240005,11.499995,11.570004,8740900,9.022254
2009-05-06,11.799997,12.300006,11.600004,12.250002,10280100,9.552515
2009-05-05,11.420003,11.529996,11.059999,11.140004,4866000,8.686941
2009-05-04,10.620004,11.339998,10.620004,11.290005,6069400,8.803912
2009-05-01,10.489995,10.63,10.329998,10.419999,3498000,8.125484
2009-04-30,10.710004,10.759997,10.350002,10.400006,8161300,8.109893
2009-04-29,10.949995,11.300002,10.949995,11.059999,3671400,8.624554
2009-04-28,11.159997,11.249998,10.780001,10.930002,5148300,8.523183
2009-04-27,11.330002,11.559996,11.180001,11.320006,3322800,8.827307
2009-04-24,11.249998,11.529996,11.150001,11.489999,6183300,8.959867
2009-04-23,10.519995,10.969998,10.449999,10.720001,6168600,8.359425
2009-04-22,10.519995,10.750001,10.419999,10.57,5816800,8.242454
2009-04-21,10.949995,11.029999,10.340006,10.509999,5096900,8.195665
2009-04-20,10.479999,10.960002,10.410002,10.620004,6839500,8.281447
2009-04-17,10.63,10.66,9.999995,10.089995,8848400,7.868148
2009-04-16,10.999999,11.009995,10.389998,10.539999,6885500,8.219059
2009-04-15,10.770005,10.960002,10.710004,10.860005,3680200,8.468599
2009-04-14,11.020004,11.110004,10.669996,10.740005,3948700,8.375024
2009-04-13,11.279998,11.330002,10.919994,11.059999,5653400,8.624554
2009-04-09,10.810001,11.029999,10.63,10.759997,4474800,8.390613
2009-04-08,11.159997,11.260005,10.69,10.870002,4325700,8.476395
2009-04-07,10.870002,11.140004,10.840001,10.949995,7197500,8.538773
2009-04-06,10.479999,10.549996,10.119996,10.500003,10513000,8.187871
2009-04-03,10.960002,11.189997,10.579996,10.789997,11979100,8.414007
2009-04-02,11.769997,11.910002,10.930002,11.290005,15291700,8.803912
2009-04-01,11.799997,12.280002,11.630004,12.259998,9274100,9.560309
2009-03-31,11.270002,11.450003,10.789997,11.339998,8864800,8.842896
2009-03-30,10.999999,11.469995,10.810001,11.039995,8793500,8.608955
2009-03-27,11.510003,11.58,11.020004,11.12,7317700,8.671342
2009-03-26,12.229998,12.330006,11.780005,11.850002,6649000,9.240596
2009-03-25,11.840005,12.160001,11.619996,12.079997,9942900,9.419945
2009-03-24,11.880002,12.160001,11.489999,11.880002,10824800,9.26399
2009-03-23,12.460003,12.59,12.04,12.130001,8699000,9.458938
2009-03-20,12.139997,12.56,12.04,12.340002,10967000,9.622696
2009-03-19,12.430003,12.819994,12.340002,12.469999,19320000,9.724068
2009-03-18,11.58,12.460003,10.979995,12.340002,20116900,9.622696
2009-03-17,11.910002,12.04,11.529996,11.810005,7614100,9.209407
2009-03-16,12.439999,12.640004,12.130001,12.190001,7872700,9.505726
2009-03-13,12.379999,12.490003,12.07,12.439999,9638800,9.700674
2009-03-12,11.660004,12.469999,11.589996,12.400003,22713400,9.669485
2009-03-11,10.879998,11.600004,10.879998,11.519999,12219400,8.983261
2009-03-10,10.900002,11.020004,10.429995,10.840001,12091600,8.453
2009-03-09,11.099997,11.129997,9.499999,11.050004,10362700,8.61676
2009-03-06,10.819997,11.529996,10.680004,11.189997,16486800,8.725926
2009-03-05,9.68,10.740005,9.640004,10.69,13827900,8.33603
2009-03-04,9.880005,10.139999,9.520003,9.730004,9278900,7.587428
2009-03-03,9.400002,9.740001,8.910002,9.539995,11168100,7.439259
2009-03-02,10.370006,10.370006,9.13,9.289998,15043100,7.244312
2009-02-27,10.449999,10.449999,9.850005,10.179996,11001100,7.938331
2009-02-26,10.329998,10.489995,10.040003,10.299998,10160600,8.031907
2009-02-25,10.620004,10.789997,10.239997,10.269998,12244900,8.008513
2009-02-24,11.150001,11.159997,10.119996,10.320002,11833300,8.047506
2009-02-23,11.439995,11.600004,11.059999,11.170005,9046100,8.710336
2009-02-20,11.429999,11.739997,10.979995,11.480003,14438300,8.952072
2009-02-19,11.630004,11.660004,10.830005,10.990002,12267000,8.569971
2009-02-18,11.570004,12.000004,11.219997,11.949998,10200800,9.318573
2009-02-17,11.519999,12.169997,11.409995,11.859998,13751000,9.224997
2009-02-13,11.170005,11.369998,10.979995,11.170005,5444800,8.688303
2009-02-12,11.260005,11.480003,11.080004,11.469995,9827400,8.921642
2009-02-11,10.759997,11.679997,10.759997,11.529996,18631100,8.968313
2009-02-10,10.849998,10.969998,9.999995,10.280005,12557900,7.996039
2009-02-09,10.810001,10.849998,10.299998,10.470003,6150800,8.143824
2009-02-06,10.519995,11.249998,10.489995,10.990002,10634400,8.548293
2009-02-05,10.57,10.960002,10.340006,10.889994,11950700,8.470504
2009-02-04,10.560003,10.69,10.239997,10.479999,10365500,8.151599
2009-02-03,10.770005,10.969998,10.419999,10.60,10369400,8.244939
2009-02-02,10.440003,10.979995,10.149996,10.489995,12005500,8.159374
2009-01-30,10.849998,10.969998,10.200001,10.509999,16166200,8.174934
2009-01-29,10.190005,11.240001,10.070003,10.639996,20348600,8.276049
2009-01-28,9.999995,10.019999,9.469999,9.689996,7004600,7.537116
2009-01-27,10.079999,10.209996,9.770001,9.950002,7281900,7.739355
2009-01-26,10.299998,10.370006,9.749997,9.860001,13262100,7.66935
2009-01-23,8.73,9.939994,8.70,9.670004,17954100,7.521565
2009-01-22,8.579999,8.959995,8.510002,8.73,7314700,6.790408
2009-01-21,8.410006,8.799997,8.099995,8.799997,7610700,6.844853
2009-01-20,8.309997,8.679996,8.009995,8.069995,8968000,6.277039
2009-01-16,8.24,8.27,7.740004,8.230004,9923600,6.401498
2009-01-15,7.920006,8.099995,7.419997,7.939998,11882800,6.175924
2009-01-14,8.24,8.469995,7.819997,8.020002,8093500,6.238154
2009-01-13,8.380005,8.559995,8.140003,8.380005,9000800,6.518173
2009-01-12,8.540003,8.630003,8.020002,8.140003,7773500,6.331493
2009-01-09,9.280001,9.280001,8.709996,8.790001,7714200,6.837078
2009-01-08,9.300005,9.400002,9.000002,9.280001,7417000,7.218212
2009-01-07,9.890002,9.969995,8.799997,8.949998,10069900,6.961527
2009-01-06,9.460003,10.459995,9.319998,10.059995,9266400,7.82491
2009-01-05,9.319998,9.550003,8.970002,9.229996,6822200,7.179317
2009-01-02,9.950002,10.100003,9.59,9.659996,5140700,7.513781
2008-12-31,9.400002,9.969995,9.390006,9.929998,4226900,7.723795
2008-12-30,9.400002,9.800001,9.319998,9.59,3848700,7.459336
2008-12-29,9.349998,9.890002,9.270005,9.839997,7691300,7.65379
2008-12-26,8.739996,9.330005,8.510002,9.199996,2684800,7.155982
2008-12-24,8.799997,8.829997,8.369997,8.64,1917900,6.720403
2008-12-23,8.76,8.889998,8.489999,8.889998,6415200,6.914857
2008-12-22,8.690004,8.900006,8.219996,8.330001,6069100,6.479278
2008-12-19,8.300001,8.630003,8.129996,8.429998,11716900,6.557059
2008-12-18,9.460003,9.550003,8.279997,8.559995,11008300,6.658173
2008-12-17,9.640004,10.079999,9.409998,9.449995,9170900,7.350437
2008-12-16,9.520003,10.100003,9.400002,10.079999,7242600,7.84047
2008-12-15,9.310002,9.969995,9.22,9.640004,9263100,7.498231
2008-12-12,8.709996,9.199996,8.660004,9.199996,6818400,7.155982
2008-12-11,9.030003,9.689996,8.690004,8.870005,9298700,6.899307
2008-12-10,8.900006,9.300005,8.799997,9.039999,9986200,7.031532
2008-12-09,8.24,8.690004,8.18,8.420002,6218400,6.549283
2008-12-08,8.219996,8.529995,8.140003,8.450002,8206500,6.572618
2008-12-05,7.149996,7.560003,6.659996,7.519994,7545500,5.849235
2008-12-04,7.239996,7.710004,7.109999,7.23,8207600,5.62367
2008-12-03,7.579995,8.18,7.359997,7.800004,9975600,6.067034
2008-12-02,7.72,7.729996,7.059994,7.500002,10442900,5.833685
2008-12-01,7.789997,7.890005,6.700004,6.760004,9892700,5.258096
2008-11-28,8.320005,8.380005,8.029999,8.219996,2654000,6.393714
2008-11-26,8.089999,8.380005,7.920006,8.380005,6472100,6.518173
2008-11-25,8.219996,8.429998,7.650003,8.009995,10317300,6.23037
2008-11-24,7.710004,7.999999,7.239996,7.699996,11885600,5.989245
2008-11-21,6.009998,7.419997,5.699999,7.299997,16380700,5.678116
2008-11-20,5.560006,5.810004,5.200003,5.33,7796400,4.145804
2008-11-19,6.099998,6.420005,5.579998,5.600002,8668200,4.355819
2008-11-18,6.169995,6.300004,5.930005,6.150003,5337600,4.783623
2008-11-17,6.210004,6.450005,5.900005,6.069998,5464000,4.721393
2008-11-14,6.31,6.550002,5.930005,5.979998,7001600,4.651388
2008-11-13,5.709995,6.330004,5.129995,6.259996,9299200,4.869178
2008-11-12,6.349997,6.349997,5.639999,5.709995,5624200,4.441374
2008-11-11,6.68,6.779996,6.289996,6.450005,4271200,5.016972
2008-11-10,7.019998,7.139999,6.580002,6.809997,4264500,5.296982
2008-11-07,6.259996,6.659996,6.240004,6.659996,4500300,5.180307
2008-11-06,7.000006,7.109999,6.139995,6.169995,7434100,4.799173
2008-11-05,7.400005,7.620003,6.850005,6.850005,7479200,5.328101
2008-11-04,6.940005,7.639996,6.920001,7.599999,8573900,5.911465
2008-11-03,6.400001,6.959998,6.360005,6.760004,6415900,5.258096
2008-10-31,6.80,7.089995,6.610002,6.649999,6792500,5.172532
2008-10-30,6.80,7.049998,6.379997,7.049998,7943500,5.483661
2008-10-29,5.889997,6.599995,5.870005,6.520002,10044000,5.071417
2008-10-28,5.249995,6.000002,4.969997,5.850001,8379400,4.550273
2008-10-27,5.170003,5.350004,4.729995,4.900001,7920900,3.81134
2008-10-24,4.830004,5.630002,4.639995,5.309996,11406100,4.130245
2008-10-23,5.209999,5.759999,4.990001,5.249995,11420200,4.083575
2008-10-22,6.099998,6.099998,4.879996,4.950005,11862700,3.850235
2008-10-21,6.469998,6.700004,6.229995,6.360005,6547100,4.946967
2008-10-20,6.469998,6.980002,6.420005,6.80,7593700,5.289206
2008-10-17,6.430001,7.579995,6.289996,6.469998,7666500,5.032522
2008-10-16,7.579995,7.629999,6.349997,6.700004,12619300,5.211427
2008-10-15,7.849997,8.029999,7.000006,7.100003,7717200,5.522556
2008-10-14,8.260004,8.799997,8.159996,8.390002,12252000,6.525948
2008-10-13,8.979999,9.009999,7.999999,8.219996,12299600,6.393714
2008-10-10,9.22,9.409998,7.800004,8.15,17288600,6.339269
2008-10-09,8.600003,8.829997,8.309997,8.309997,12715000,6.463719
2008-10-08,7.729996,8.940002,7.599999,8.940002,17263300,6.953752
2008-10-07,7.650003,7.72,6.730004,6.77,14970600,5.265872
2008-10-06,8.020002,8.059999,6.300004,6.890001,18245500,5.359211
2008-10-03,7.740004,8.320005,7.680004,7.830005,9961700,6.090369
2008-10-02,9.139996,9.150004,7.609995,7.729996,14871100,6.01258
2008-10-01,9.850005,10.040003,9.550003,9.689996,10049100,7.537116
2008-09-30,9.700004,9.959998,9.449995,9.59,13323800,7.459336
2008-09-29,9.599996,9.62,8.679996,8.790001,10833800,6.837078
2008-09-26,9.659996,10.029995,9.360006,9.469999,10768100,7.365996
2008-09-25,9.499999,9.880005,9.400002,9.420006,9513000,7.327111
2008-09-24,9.469999,9.71,9.240005,9.240005,4652500,7.187101
2008-09-23,9.569996,9.68,9.240005,9.340002,7275800,7.264882
2008-09-22,9.019995,9.989998,8.989995,9.719997,12425300,7.560451
2008-09-19,8.67,9.25,8.360001,8.559995,15980100,6.658173
2008-09-18,9.079995,9.539995,8.679996,8.949998,19455300,6.961527
2008-09-17,7.539999,8.889998,7.460005,8.360001,20864900,6.502613
2008-09-16,7.69,7.72,7.160003,7.699996,13322200,5.989245
2008-09-15,7.800004,8.009995,7.470002,7.509999,8401600,5.84146
2008-09-12,7.519994,8.230004,7.350001,8.170004,9220300,6.354829
2008-09-11,7.250004,7.579995,7.089995,7.190004,7579200,5.592561
2008-09-10,7.20,7.560003,7.040002,7.519994,14448100,5.849235
2008-09-09,7.609995,7.650003,7.160003,7.160003,12040800,5.569225
2008-09-08,8.540003,8.579999,7.890005,7.930001,5854400,6.168149
2008-09-05,8.540003,8.690004,8.069995,8.249996,7196900,6.417049
2008-09-04,8.559995,8.64,8.119999,8.339997,8105800,6.487054
2008-09-03,8.720004,8.799997,8.27,8.459998,8909600,6.580393
2008-09-02,8.489999,8.660004,8.399997,8.499995,6838200,6.611504
2008-08-29,9.300005,9.349998,9.060003,9.099999,3920900,7.078202
2008-08-28,9.71,9.71,9.340002,9.439999,6712700,7.342662
2008-08-27,9.300005,9.390006,9.210004,9.360006,5690200,7.280441
2008-08-26,8.64,9.259997,8.630003,9.099999,8116300,7.078202
2008-08-25,8.940002,9.009999,8.70,8.750004,4420100,6.805967
2008-08-22,8.919998,9.019995,8.810005,8.820001,6765100,6.860412
2008-08-21,8.829997,9.330005,8.660004,9.300005,14107700,7.233771
2008-08-20,8.970002,8.989995,8.540003,8.660004,10555600,6.735963
2008-08-19,8.64,9.259997,8.579999,9.180004,8215800,7.012089
2008-08-18,9.090003,9.109996,8.690004,8.790001,7267600,6.714188
2008-08-15,8.880002,8.970002,8.660004,8.660004,7052400,6.614891
2008-08-14,9.629996,9.629996,9.069999,9.099999,9994200,6.950978
2008-08-13,8.940002,9.59,8.900006,9.569996,12709500,7.309982
2008-08-12,8.769997,9.079995,8.67,9.039999,11658200,6.905147
2008-08-11,9.019995,9.109996,8.579999,8.649996,14828700,6.607246
2008-08-08,9.330005,9.340002,9.090003,9.099999,10294100,6.950978
2008-08-07,10.190005,10.280005,9.969995,10.089995,7375200,7.707181
2008-08-06,9.989998,10.200001,9.939994,10.079999,6153600,7.699545
2008-08-05,9.820005,10.149996,9.71,9.850005,16574400,7.523866
2008-08-04,10.200001,10.230001,9.430002,9.779997,14640700,7.470391
2008-08-01,11.029999,11.029999,9.980002,10.250005,18458800,7.829403
2008-07-31,12.090004,12.349998,11.769997,11.810005,5885100,9.021
2008-07-30,11.399999,11.949998,11.360002,11.919998,7725200,9.105017
2008-07-29,12.120004,12.210005,11.820001,11.919998,4443100,9.105017
2008-07-28,12.210005,12.460003,11.919998,12.060004,5484500,9.21196
2008-07-25,11.899994,12.07,11.720005,12.04,3882100,9.19668
2008-07-24,12.060004,12.109997,11.799997,11.929995,6413100,9.112654
2008-07-23,12.150005,12.160001,11.850002,11.970003,13757700,9.143213
2008-07-22,12.749997,13.029996,12.569996,12.62,5837200,9.639709
2008-07-21,12.629996,12.999996,12.580004,12.890003,7232200,9.845949
2008-07-18,13.100004,13.200001,12.839999,12.899999,8239300,9.853584
2008-07-17,13.339995,13.429995,12.899999,12.999996,6141100,9.929967
2008-07-16,13.530004,13.54,12.999996,13.149997,8312500,10.044544
2008-07-15,13.250005,13.489996,12.899999,13.110001,10305700,10.013993
2008-07-14,12.550004,12.809999,12.469999,12.59,5166400,9.616794
2008-07-11,12.180005,12.599996,12.109997,12.460003,8939400,9.517497
2008-07-10,11.929995,12.120004,11.799997,12.019996,5671300,9.1814
2008-07-09,12.04,12.289998,11.760001,11.810005,3409800,9.021
2008-07-08,11.899994,12.01,11.739997,11.880002,4098900,9.074467
2008-07-07,11.959996,12.109997,11.850002,11.949998,5265300,9.127933
2008-07-03,12.460003,12.56,12.109997,12.330006,5638600,9.418199
2008-07-02,12.890003,12.890003,12.400003,12.400003,5183200,9.471666
2008-07-01,12.599996,12.920003,12.449995,12.629996,7955100,9.647345
2008-06-30,12.640004,12.790006,12.400003,12.65,6403300,9.662625
2008-06-27,12.550004,12.629996,12.250002,12.539996,10623900,9.578599
2008-06-26,11.820001,12.049996,11.649996,11.919998,8643200,9.105017
2008-06-25,11.519999,11.619996,11.189997,11.600004,9600700,8.860592
2008-06-24,11.039995,11.450003,10.999999,11.279998,9097800,8.616157
2008-06-23,10.770005,11.129997,10.66,11.09,6579500,8.471028
2008-06-20,10.900002,11.189997,10.879998,11.150001,7520700,8.516859
2008-06-19,11.140004,11.180001,10.849998,10.879998,5321700,8.31062
2008-06-18,10.939998,11.069995,10.780001,11.029999,6478400,8.425197
2008-06-17,11.200005,11.219997,11.020004,11.159997,7452400,8.524495
2008-06-16,11.369998,11.540003,10.979995,11.260005,4565600,8.600885
2008-06-13,10.840001,11.189997,10.819997,11.129997,6890000,8.501579
2008-06-12,11.260005,11.469995,10.969998,11.059999,11973600,8.448113
2008-06-11,11.709997,11.869994,11.55,11.700001,8306200,8.936974
2008-06-10,12.100001,12.199997,11.889998,11.940003,6348600,9.120297
2008-06-09,12.56,12.670004,12.409999,12.520003,3621300,9.563327
2008-06-06,12.349998,12.700005,12.340002,12.56,7411400,9.593879
2008-06-05,12.100001,12.599996,12.079997,12.56,6984800,9.593879
2008-06-04,12.460003,12.499999,12.169997,12.259998,7258300,9.364724
2008-06-03,12.770001,12.819994,12.509996,12.509996,5263900,9.555684
2008-06-02,12.819994,12.950003,12.749997,12.879994,3775400,9.838304
2008-05-30,12.999996,12.999996,12.749997,12.929999,5560600,9.8765
2008-05-29,13.119997,13.190005,12.809999,12.899999,6503300,9.853584
2008-05-28,13.239998,13.459995,13.070004,13.399995,5430200,10.235504
2008-05-27,13.359999,13.560004,13.329998,13.350002,9671900,10.13163
2008-05-23,14.189998,14.289994,13.960004,14.009996,5171900,10.632515
2008-05-22,14.159997,14.349995,14.080004,14.170005,7622400,10.75395
2008-05-21,14.120001,14.249998,13.979996,14.020004,8854200,10.640111
2008-05-20,13.979996,14.240002,13.889996,14.180001,5336500,10.761536
2008-05-19,14.339999,14.360003,14.099997,14.170005,4909400,10.75395
2008-05-16,14.050004,14.279998,13.859995,14.189998,6952600,10.769123
2008-05-15,13.710006,13.900003,13.590004,13.900003,6399500,10.549039
2008-05-14,13.620004,13.759997,13.440003,13.519996,9190300,10.260643
2008-05-13,13.63,13.949996,12.980004,13.780002,6235300,10.457967
2008-05-12,13.440003,14.060001,13.440003,13.879999,8131100,10.533857
2008-05-09,13.810003,13.94,13.579996,13.770006,4280200,10.450381
2008-05-08,13.549996,13.900003,13.479999,13.900003,5392700,10.549039
2008-05-07,13.560004,13.680006,13.369995,13.399995,3974400,10.169571
2008-05-06,13.329998,13.699997,13.299998,13.590004,5664200,10.313774
2008-05-05,13.209998,13.280006,13.119997,13.160005,4596800,9.987437
2008-05-02,13.040004,13.250005,12.860003,13.110001,7057000,9.949488
2008-05-01,13.329998,13.380003,12.819994,13.100004,9645200,9.941901
2008-04-30,13.260002,13.609996,13.200001,13.500003,7781100,10.24547
2008-04-29,13.579996,13.680006,13.269998,13.320002,6601300,10.108863
2008-04-28,13.949996,14.140005,13.819999,13.819999,4419600,10.488322
2008-04-25,13.840003,13.900003,13.639997,13.859995,10690100,10.518676
2008-04-24,13.819999,13.960004,13.680006,13.710006,6768300,10.404846
2008-04-23,13.979996,14.140005,13.849999,14.060001,6015100,10.670465
2008-04-22,14.399999,14.58,14.219998,14.249998,5251200,10.814659
2008-04-21,14.499996,14.499996,14.159997,14.390003,5740600,10.920912
2008-04-18,14.750006,14.929996,14.279998,14.319995,9889300,10.867781
2008-04-17,14.910003,15.150005,14.880003,14.959996,4794000,11.353493
2008-04-16,14.739998,15.150005,14.630005,15.109997,7961700,11.467332
2008-04-15,14.649998,14.709998,14.230005,14.399999,3738100,10.928498
2008-04-14,14.540005,14.809995,14.450003,14.540005,4469700,11.034751
2008-04-11,14.619998,14.679998,14.309998,14.330002,3871100,10.875376
2008-04-10,14.589996,14.670002,14.300002,14.510005,5180100,11.011983
2008-04-09,13.849999,14.540005,13.849999,14.390003,13054100,10.920912
2008-04-08,13.690002,13.94,13.620004,13.759997,6062300,10.442786
2008-04-07,13.639997,13.919996,13.639997,13.859995,11759400,10.518676
2008-04-04,13.650004,13.770006,13.549996,13.710006,3681000,10.404846
2008-04-03,13.579996,13.780002,13.530004,13.699997,6724800,10.39725
2008-04-02,13.699997,13.990004,13.609996,13.960004,5751500,10.594575
2008-04-01,13.530004,13.680006,13.269998,13.54,8614200,10.275825
2008-03-31,13.94,14.240002,13.680006,13.829995,7489600,10.495908
2008-03-28,14.260006,14.58,14.090001,14.409995,3953300,10.936084
2008-03-27,14.910003,14.959996,14.429999,14.480003,5920600,10.989215
2008-03-26,14.529996,14.889999,14.439995,14.889999,5947100,11.30037
2008-03-25,14.450003,14.55,14.210002,14.469996,11900100,10.98162
2008-03-24,14.899996,14.989996,14.120001,14.289994,8598700,10.845012
2008-03-20,14.349995,14.880003,14.159997,14.880003,13088800,11.292784
2008-03-19,15.700006,15.719998,14.799999,14.859999,11180500,11.277602
2008-03-18,16.399995,16.399995,15.409999,15.470001,9403700,11.740547
2008-03-17,15.939996,16.699998,15.800003,16.110001,12452400,12.226259
2008-03-14,16.510001,16.849999,16.290002,16.42,10224300,12.461524
2008-03-13,16.040004,16.690002,15.999997,16.429997,12586600,12.469111
2008-03-12,15.550005,15.969996,15.509997,15.700006,6282000,11.915103
2008-03-11,15.470001,15.729995,15.190002,15.729995,7297300,11.937863
2008-03-10,15.700006,15.700006,14.95,14.98,6551900,11.368674
2008-03-07,15.920004,16.110001,15.640006,15.860003,10007900,12.036529
2008-03-06,15.509997,15.90,15.430003,15.749999,13169100,11.953044
2008-03-05,15.030004,15.120005,14.859999,15.090005,7988100,11.45216
2008-03-04,15.120005,15.190002,14.570005,14.730002,10827100,11.178945
2008-03-03,14.95,14.959996,14.679998,14.850003,11067900,11.270016
2008-02-29,14.180001,14.369999,13.949996,14.189998,11297800,10.769123
2008-02-28,14.129997,14.439995,14.120001,14.360003,7374400,10.898144
2008-02-27,14.210002,14.660006,14.060001,14.319995,13810200,10.867781
2008-02-26,14.060001,14.080004,13.669997,13.829995,14549600,10.495908
2008-02-25,14.439995,14.450003,13.960004,14.270002,7774200,10.82984
2008-02-22,15.130001,15.239994,14.559996,14.889999,9077000,11.30037
2008-02-21,15.130001,15.580005,14.850003,14.869996,16373800,11.285189
2008-02-20,13.930003,14.570005,13.810003,14.459999,12609100,10.974033
2008-02-19,13.879999,14.099997,13.650004,14.03,10426500,10.647697
2008-02-15,13.369995,13.419999,13.100004,13.220005,5440500,10.032973
2008-02-14,13.489996,13.549996,13.230002,13.250005,5306600,10.05574
2008-02-13,13.57,13.620004,13.220005,13.419999,5813100,10.184753
2008-02-12,13.57,13.699997,13.250005,13.290002,7950000,10.086095
2008-02-11,13.51,13.650004,13.119997,13.290002,7582600,10.086095
2008-02-08,13.560004,13.879999,13.489996,13.650004,7633900,10.359309
2008-02-07,13.770006,13.849999,13.309994,13.470003,10161600,10.222702
2008-02-06,14.00,14.080004,13.780002,13.810003,16795400,10.480736
2008-02-05,13.57,13.729997,13.470003,13.530004,20292500,10.268238
2008-02-04,13.849999,13.919996,13.459995,13.840003,9361100,10.503503
2008-02-01,14.750006,14.850003,13.660002,14.080004,23968300,10.685646
2008-01-31,14.670002,15.070001,14.570005,15.000004,9970300,11.383856
2008-01-30,15.169998,15.560001,14.899996,15.120005,7797000,11.474927
2008-01-29,15.000004,15.150005,14.769999,15.019997,8290700,11.399029
2008-01-28,14.730002,15.060004,14.459999,15.049997,10333500,11.421797
2008-01-25,15.019997,15.539997,14.690006,15.150005,16072000,11.497695
2008-01-24,16.200002,16.849999,16.200002,16.699998,9842700,12.674021
2008-01-23,14.709998,16.200002,14.679998,15.779999,11397800,11.975812
2008-01-22,14.809995,16.249994,14.750006,16.119997,11082400,12.233845
2008-01-18,16.329999,16.500005,15.599998,16.380004,7611900,12.43117
2008-01-17,16.829996,17.180002,16.130005,16.309995,8250700,12.378039
2008-01-16,16.669998,16.949996,15.93,16.570001,11073500,12.575363
2008-01-15,17.37,17.490001,16.42,16.620006,13852800,12.613313
2008-01-14,17.809996,18.079997,17.469997,17.550001,7436400,13.319108
2008-01-11,17.709999,17.799999,17.240003,17.40,8443400,13.205269
2008-01-10,16.870003,17.86,16.870003,17.610002,7452200,13.364644
2008-01-09,17.030001,17.199994,16.88,17.009997,17994400,12.909287
2008-01-08,16.699998,17.140005,16.609998,16.709995,14881900,12.681608
2008-01-07,16.089997,16.230002,15.509997,15.729995,6063300,11.937863
2008-01-04,16.459997,16.639998,16.119997,16.209998,7931600,12.302149
2008-01-03,15.789995,16.369995,15.700006,16.230002,13205200,12.31733
2008-01-02,14.540005,15.560001,14.499996,15.400003,14473700,11.687425
2007-12-31,14.589996,14.589996,14.050004,14.200005,4322700,10.776718
2007-12-28,14.600005,14.700002,14.450003,14.55,3854600,11.042337
2007-12-27,14.899996,14.940004,14.349995,14.429999,4966000,10.951266
2007-12-26,14.339999,14.469996,14.00,14.420003,6814200,10.94368
2007-12-24,14.349995,14.349995,13.660002,14.110005,2924600,10.708415
2007-12-21,14.060001,14.319995,13.919996,14.150001,9289700,10.738768
2007-12-20,13.639997,13.750002,13.200001,13.609996,14910400,10.328946
2007-12-19,14.080004,14.439995,14.069997,14.270002,6102400,10.82984
2007-12-18,14.180001,14.570005,14.150001,14.459999,5884000,10.974033
2007-12-17,14.630005,14.829999,14.249998,14.300002,7615400,10.852608
2007-12-14,14.809995,15.100001,14.750006,14.839995,6814800,11.262421
2007-12-13,15.569997,15.759995,15.220002,15.310002,6979300,11.619121
2007-12-12,15.90,15.980004,15.590001,15.849996,3978500,12.028934
2007-12-11,15.819995,16.190005,15.389995,15.400003,5021700,11.687425
2007-12-10,15.590001,16.130005,15.470001,15.99,5763600,12.135187
2007-12-07,15.950004,16.010004,15.250002,15.620002,11363400,11.854386
2007-12-06,16.290002,16.380004,16.100005,16.339995,6765900,12.400807
2007-12-05,16.930004,16.979997,16.639998,16.829996,3726200,12.77268
2007-12-04,16.699998,16.759999,16.459997,16.519997,5041100,12.537414
2007-12-03,16.579998,16.669998,16.279995,16.519997,5543100,12.537414
2007-11-30,17.34,17.37,16.080001,16.450001,9734600,12.484292
2007-11-29,17.050005,17.249998,16.819999,16.990004,3804700,12.894114
2007-11-28,16.669998,17.249998,16.579998,17.199994,5330000,13.05348
2007-11-27,17.140005,17.210002,16.720002,17.000001,3325400,12.901701
2007-11-26,17.490001,17.570005,16.799995,16.919996,5960300,12.840983
2007-11-23,17.099997,17.649998,17.020004,17.619998,4659600,13.372231
2007-11-21,17.120001,17.229994,16.799995,17.080005,4857300,12.962418
2007-11-20,17.249998,17.490001,16.859996,17.439997,6579700,13.235623
2007-11-19,17.40,17.580002,16.849999,17.090001,6706700,12.970004
2007-11-16,17.749995,17.880004,17.289996,17.739999,5277500,13.463302
2007-11-15,17.719995,17.839996,17.189998,17.520001,8367000,13.29634
2007-11-14,18.819995,18.819995,18.35,18.38,5484300,13.949014
2007-11-13,17.910004,18.209994,17.769999,18.139999,4667900,13.766871
2007-11-12,18.079997,18.310004,17.619998,17.739999,9527600,13.463302
2007-11-09,18.969996,19.600002,18.930001,19.129996,7428700,14.518203
2007-11-08,19.080003,19.600002,18.199999,18.930001,18077000,14.366423
2007-11-07,18.220003,18.550005,18.060005,18.100001,10600900,13.736517
2007-11-06,17.95,18.179994,17.580002,18.120006,7462700,13.751698
2007-11-05,17.330004,17.529997,17.210002,17.409997,4077600,13.212856
2007-11-02,17.349996,17.769999,17.099997,17.760003,6449300,13.478484
2007-11-01,17.390004,17.649998,17.140005,17.319996,7205800,13.144552
2007-10-31,17.779995,18.149994,17.480005,18.070001,7742900,13.713749
2007-10-30,17.700002,17.940004,17.619998,17.730003,3396000,13.455716
2007-10-29,18.100001,18.220003,17.970004,18.030005,4918900,13.683395
2007-10-26,17.89,18.160003,17.829999,18.149994,7507600,13.774457
2007-10-25,17.940004,18.100001,17.739999,17.899996,5625700,13.584728
2007-10-24,17.980001,18.070001,17.40,17.95,6963600,13.622677
2007-10-23,18.010001,18.229999,17.670002,17.92,4956700,13.599909
2007-10-22,17.499997,17.559998,17.099997,17.550001,5397700,13.319108
2007-10-19,18.329996,19.919996,17.760003,17.809996,6117700,13.516425
2007-10-18,17.829999,18.130003,17.730003,18.120006,7063400,13.751698
2007-10-17,18.699995,18.729996,17.809996,17.880004,6644400,13.569556
2007-10-16,18.740003,18.78,18.35,18.410001,3834200,13.971782
2007-10-15,19.170002,19.249996,18.639995,18.84,4491300,14.298119
2007-10-12,18.729996,18.990002,18.599998,18.800003,3877900,14.267764
2007-10-11,18.560002,19.249996,18.32,18.550005,12770000,14.078035
2007-10-10,18.410001,18.479997,18.070001,18.229999,18444300,13.835174
2007-10-09,17.959997,18.26,17.809996,18.209994,3892800,13.819993
2007-10-08,17.779995,17.910004,17.559998,17.869996,3471900,13.56196
2007-10-05,17.730003,18.359996,17.709999,18.120006,4603800,13.751698
2007-10-04,17.199994,17.829999,17.110005,17.689995,5881100,13.425353
2007-10-03,17.499997,17.600006,17.300004,17.319996,3988300,13.144552
2007-10-02,17.760003,17.850003,17.430001,17.769999,6280800,13.48607
2007-10-01,17.689995,18.440001,17.610002,18.35,7345200,13.926246
2007-09-28,18.280004,18.35,17.910004,18.090006,4495700,13.72893
2007-09-27,18.250003,18.440001,17.95,18.060005,5290200,13.706163
2007-09-26,18.030005,18.109999,17.730003,18.070001,9525500,13.713749
2007-09-25,17.700002,17.809996,17.360004,17.749995,6660400,13.470888
2007-09-24,17.989997,18.169999,17.910004,18.049997,5128900,13.698567
2007-09-21,18.280004,18.280004,17.739999,18.090006,8517300,13.72893
2007-09-20,18.209994,18.329996,17.899996,18.000004,11166200,13.660626
2007-09-19,17.379996,17.570005,17.270003,17.420004,5719700,13.22045
2007-09-18,16.680006,17.259996,16.399995,17.240003,8321100,13.083843
2007-09-17,16.769995,16.849999,16.570001,16.750003,3853300,12.711971
2007-09-14,16.639998,16.930004,16.489997,16.780003,4789900,12.734739
2007-09-13,16.91,17.000001,16.690002,16.870003,3480000,12.803042
2007-09-12,17.150002,17.150002,16.829996,16.889996,4860200,12.818215
2007-09-11,16.750003,17.050005,16.579998,16.930004,7735300,12.848578
2007-09-10,16.630002,16.680006,16.070005,16.440004,8148400,12.476705
2007-09-07,16.590005,16.639998,16.080001,16.179998,8574900,12.279381
2007-09-06,15.759995,16.36,15.670006,16.309995,9793300,12.378039
2007-09-05,15.470001,15.580005,15.229998,15.409999,2784100,11.695011
2007-09-04,15.250002,15.770003,15.199998,15.550005,4549200,11.801264
2007-08-31,15.280002,15.400003,15.130001,15.160001,4470700,11.505281
2007-08-30,14.679998,15.01,14.630005,14.880003,2463600,11.292784
2007-08-29,14.690006,15.000004,14.640002,14.970004,2285600,11.361088
2007-08-28,14.779995,14.859999,14.399999,14.439995,5113800,10.958852
2007-08-27,14.750006,15.000004,14.559996,14.559996,2576300,11.049924
2007-08-24,14.640002,15.220002,14.600005,14.989996,7180000,11.37626
2007-08-23,14.98,15.000004,14.439995,14.58,3693300,11.065105
2007-08-22,14.230005,14.769999,14.230005,14.750006,4750200,11.194126
2007-08-21,13.849999,14.219998,13.840003,14.069997,4887400,10.581667
2007-08-20,14.390003,14.529996,14.00,14.289994,3802700,10.747121
2007-08-17,14.289994,14.55,13.810003,14.399999,7127000,10.829853
2007-08-16,14.180001,14.219998,13.309994,13.669997,11636700,10.280838
2007-08-15,14.619998,14.779995,14.339999,14.52,5341800,10.920102
2007-08-14,14.899996,14.989996,14.570005,14.589996,5281300,10.972744
2007-08-13,15.139997,15.239994,14.95,15.079997,4818300,11.341261
2007-08-10,14.880003,15.430003,14.700002,15.139997,9573200,11.386385
2007-08-09,15.049997,15.250002,14.889999,15.040001,5588000,11.311181
2007-08-08,15.289998,15.819995,15.130001,15.509997,8219700,11.664652
2007-08-07,14.540005,15.229998,14.399999,15.229998,8229800,11.454072
2007-08-06,15.310002,15.349999,14.95,15.259998,10895400,11.476635
2007-08-03,15.879996,16.010004,15.530001,15.590001,8707200,11.724821
2007-08-02,15.939996,16.119997,15.830003,16.080001,5286100,12.093337
2007-08-01,16.029997,16.190005,15.789995,16.070005,7946500,12.085819
2007-07-31,16.739995,16.849999,16.440004,16.519997,4625600,12.424246
2007-07-30,15.999997,16.759999,15.969996,16.739995,4946700,12.5897
2007-07-27,16.380004,16.870003,16.200002,16.339995,8396200,12.288872
2007-07-26,16.819999,17.170005,16.299999,16.720002,6855100,12.574664
2007-07-25,17.40,17.510005,17.080005,17.37,4372300,13.06351
2007-07-24,17.829999,18.000004,17.520001,17.550001,5226800,13.198884
2007-07-23,18.190003,18.209994,17.850003,17.970004,3020200,13.514757
2007-07-20,18.35,18.389997,17.910004,18.010001,4624700,13.544838
2007-07-19,18.079997,18.370004,17.989997,18.329996,6317500,13.785497
2007-07-18,17.37,18.049997,17.330004,17.899996,8044400,13.462106
2007-07-17,17.409997,17.490001,17.28,17.31,2993800,13.018386
2007-07-16,17.450005,17.649998,17.28,17.420004,6907300,13.101117
2007-07-13,17.129998,17.409997,17.129998,17.159998,4504500,12.905574
2007-07-12,16.630002,17.129998,16.570001,17.050005,7595000,12.822851
2007-07-11,16.269998,16.36,16.179998,16.299999,5252000,12.258792
2007-07-10,16.470005,16.570001,16.260002,16.450001,6142000,12.371603
2007-07-09,16.260002,16.470005,16.239998,16.339995,5005700,12.288872
2007-07-06,15.659998,16.149998,15.610005,16.119997,6744500,12.123417
2007-07-05,15.439999,15.749999,15.439999,15.729995,5057300,11.830106
2007-07-03,15.920004,16.040004,15.849996,15.890003,3283300,11.950444
2007-07-02,15.99,16.100005,15.819995,16.089997,2977200,12.100855
2007-06-29,15.539997,15.789995,15.539997,15.700006,3487900,11.807553
2007-06-28,15.500001,15.689998,15.479996,15.629998,5581700,11.754901
2007-06-27,15.580005,15.749999,15.479996,15.729995,6510700,11.830106
2007-06-26,15.999997,16.050001,15.809999,15.99,4475300,12.025649
2007-06-25,16.450001,16.519997,16.219994,16.230002,2769400,12.206149
2007-06-22,16.609998,16.630002,16.369995,16.500005,3347600,12.40921
2007-06-21,16.500005,16.699998,16.279995,16.680006,3836500,12.544584
2007-06-20,16.42,16.729999,16.369995,16.480001,6562900,12.394166
2007-06-19,16.100005,16.399995,16.089997,16.369995,4264300,12.311434
2007-06-18,16.440004,16.530005,16.299999,16.339995,3343900,12.288872
2007-06-15,16.410004,16.639998,16.339995,16.399995,4758900,12.333996
2007-06-14,15.93,16.369995,15.909996,16.149998,5814600,12.14598
2007-06-13,15.809999,15.99,15.680002,15.819995,3260600,11.897793
2007-06-12,15.909996,15.999997,15.700006,15.809999,3389600,11.890275
2007-06-11,16.170002,16.290002,15.950004,16.140001,3622700,12.138461
2007-06-08,15.909996,16.070005,15.629998,16.070005,4397900,12.085819
2007-06-07,16.329999,16.470005,15.99,15.99,5179100,12.025649
2007-06-06,16.699998,16.88,16.429997,16.600002,6089000,12.484415
2007-06-05,17.090001,17.120001,16.889996,16.990004,3882500,12.777726
2007-06-04,17.249998,17.390004,17.050005,17.349996,3890000,13.048465
2007-06-01,17.360004,17.499997,17.210002,17.490001,4345200,13.15376
2007-05-31,16.979997,17.34,16.919996,17.319996,4866200,13.025903
2007-05-30,16.699998,17.060001,16.669998,17.030001,3088700,12.807806
2007-05-29,17.129998,17.229994,16.900004,17.110005,2547400,12.867975
2007-05-25,17.219998,17.420004,17.159998,17.229994,2327200,12.958216
2007-05-24,17.679998,17.89,17.249998,17.249998,6937300,12.97326
2007-05-23,17.490001,17.709999,17.40,17.630006,4281500,13.259054
2007-05-22,17.450005,17.499997,17.069997,17.110005,6997500,12.867975
2007-05-21,17.259996,17.499997,17.180002,17.349996,5298600,13.048465
2007-05-18,17.180002,17.349996,17.120001,17.330004,4719600,13.03343
2007-05-17,16.930004,17.170005,16.849999,17.000001,4196300,12.785244
2007-05-16,17.28,17.379996,16.91,17.110005,4687400,12.867975
2007-05-15,17.170005,17.430001,17.099997,17.120001,5577600,12.875493
2007-05-14,17.40,17.529997,16.249994,16.979997,7232700,12.7702
2007-05-11,17.219998,17.439997,17.189998,17.439997,2868100,13.116153
2007-05-10,17.679998,17.679998,17.140005,17.219998,5151700,12.950698
2007-05-09,17.769999,17.910004,17.630006,17.799999,3935300,13.386901
2007-05-08,17.910004,17.970004,17.610002,17.809996,3514900,13.39442
2007-05-07,18.209994,18.29,18.079997,18.169999,2223000,13.665168
2007-05-04,18.229999,18.35,17.92,17.970004,3969100,13.514757
2007-05-03,18.079997,18.449997,17.910004,18.199999,4053900,13.68773
2007-05-02,18.139999,18.479997,18.000004,18.32,3210500,13.77798
2007-05-01,17.790003,18.209994,17.749995,17.959997,2480500,13.507231
2007-04-30,18.299996,18.410001,17.95,17.970004,2519300,13.514757
2007-04-27,18.329996,18.400004,18.179994,18.340004,2856100,13.793024
2007-04-26,18.490005,18.520005,18.169999,18.340004,3364900,13.793024
2007-04-25,18.710002,18.90,18.639995,18.789996,3161800,14.131451
2007-04-24,18.710002,18.770004,18.299996,18.370004,3320500,13.815586
2007-04-23,19.100006,19.209999,18.669994,18.749999,2583300,14.101371
2007-04-20,19.189996,19.279997,18.869999,19.02,4350200,14.304431
2007-04-19,18.849996,19.050002,18.669994,18.699995,5484900,14.063764
2007-04-18,19.519997,19.579999,18.800003,19.149999,5521900,14.402199
2007-04-17,20.129998,20.139996,19.630003,19.769995,2936200,14.868482
2007-04-16,20.050006,20.19,19.829995,20.079994,2666100,15.101624
2007-04-13,19.709995,19.979996,19.540002,19.949998,3652300,15.003857
2007-04-12,19.560005,19.709995,19.36,19.519997,3385900,14.680465
2007-04-11,20.610002,20.700003,19.399997,19.500005,13094400,14.66543
2007-04-10,19.309996,19.330001,19.189996,19.279997,3184700,14.499968
2007-04-09,19.230004,19.470004,19.02,19.159995,1751900,14.409717
2007-04-05,19.309996,19.309996,19.100006,19.18,5744700,14.424762
2007-04-04,19.369996,19.399997,19.02,19.309996,4343600,14.522529
2007-04-03,19.159995,19.350004,19.080003,19.230004,2934600,14.462369
2007-04-02,18.580006,19.219995,18.580006,19.119998,5563800,14.379636
2007-03-30,18.500001,18.550005,18.35,18.479997,3010400,13.898309
2007-03-29,18.35,18.370004,18.120006,18.239996,2821200,13.717811
2007-03-28,18.209994,18.250003,18.030005,18.179994,2573300,13.672685
2007-03-27,18.199999,18.239996,17.940004,17.980001,2433100,13.522276
2007-03-26,18.199999,18.269996,17.829999,18.190003,2801800,13.680212
2007-03-23,18.090006,18.179994,17.89,18.169999,1805800,13.665168
2007-03-22,18.370004,18.430005,18.079997,18.169999,2398800,13.665168
2007-03-21,17.769999,18.250003,17.659995,18.220003,3207100,13.702774
2007-03-20,17.730003,17.850003,17.529997,17.600006,3696300,13.236492
2007-03-19,17.430001,17.510005,17.330004,17.349996,2788900,13.048465
2007-03-16,17.210002,17.31,16.949996,17.110005,3074600,12.867975
2007-03-15,17.000001,17.199994,16.960004,17.069997,2320200,12.837886
2007-03-14,16.720002,16.97,16.500005,16.91,4504200,12.717557
2007-03-13,17.080005,17.199994,16.750003,16.750003,4390500,12.597227
2007-03-12,17.039997,17.349996,16.97,17.300004,2001500,13.010868
2007-03-09,17.31,17.330004,16.97,17.020004,3421000,12.800288
2007-03-08,17.050005,17.199994,16.930004,17.110005,4526200,12.867975
2007-03-07,16.840003,17.120001,16.840003,16.900004,4812800,12.710039
2007-03-06,16.930004,17.099997,16.810003,17.020004,5090800,12.800288
2007-03-05,16.429997,17.229994,16.380004,16.789999,10235900,12.627307
2007-03-02,16.949996,17.199994,16.759999,16.819999,6323200,12.649869
2007-03-01,17.050005,17.34,16.780003,17.080005,8196800,12.845413
2007-02-28,17.390004,17.700002,17.150002,17.630006,6941600,13.259054
2007-02-27,17.86,18.100001,17.050005,17.150002,8853400,12.898056
2007-02-26,18.800003,18.90,18.550005,18.719998,2636000,14.078808
2007-02-23,18.800003,18.890004,18.400004,18.470001,6649100,13.890791
2007-02-22,18.100001,18.509997,18.079997,18.389997,8036200,13.830622
2007-02-21,17.259996,17.95,17.210002,17.89,6702500,13.454589
2007-02-20,17.229994,17.390004,17.000001,17.240003,2588900,12.965743
2007-02-16,17.510005,17.580002,17.430001,17.490001,2838200,13.15376
2007-02-15,17.689995,17.869996,17.499997,17.790003,5233300,13.379383
2007-02-14,17.499997,17.600006,17.249998,17.430001,3863200,13.108635
2007-02-13,17.379996,17.490001,17.120001,17.390004,4828400,12.985301
2007-02-12,17.469997,17.649998,17.069997,17.219998,3504300,12.858356
2007-02-09,17.349996,17.570005,17.189998,17.249998,4828300,12.880758
2007-02-08,16.810003,17.189998,16.699998,17.170005,6302400,12.821026
2007-02-07,17.099997,17.189998,16.870003,17.000001,3574100,12.694082
2007-02-06,17.099997,17.159998,16.930004,17.150002,4164800,12.80609
2007-02-05,16.750003,17.009997,16.660002,16.870003,4449000,12.597011
2007-02-02,16.979997,16.979997,16.549997,16.819999,4040100,12.559673
2007-02-01,17.150002,17.199994,16.750003,16.990004,5909800,12.686617
2007-01-31,16.530005,17.110005,16.480001,16.889996,11057100,12.61194
2007-01-30,15.93,16.450001,15.849996,16.279995,9136300,12.156446
2007-01-29,15.969996,16.429997,15.96,16.219994,6979000,12.111643
2007-01-26,16.870003,16.949996,16.560005,16.769995,4221300,12.522334
2007-01-25,17.199994,17.86,16.91,16.990004,7715700,12.686617
2007-01-24,17.709999,18.100001,17.360004,17.989997,2481800,13.433323
2007-01-23,17.31,17.820003,17.210002,17.790003,3659000,13.283985
2007-01-22,16.829996,17.080005,16.650006,16.889996,2798400,12.61194
2007-01-19,16.759999,17.069997,16.620006,16.91,2734600,12.626877
2007-01-18,17.240003,17.240003,16.519997,16.630002,3277500,12.4178
2007-01-17,16.829996,17.270003,16.560005,17.000001,2986000,12.694082
2007-01-16,16.979997,17.060001,16.799995,16.919996,3293600,12.634342
2007-01-12,17.020004,17.379996,16.960004,17.319996,3333100,12.933025
2007-01-11,16.900004,17.409997,16.789999,17.129998,3436300,12.791152
2007-01-10,16.739995,17.069997,16.699998,16.919996,2710400,12.634342
2007-01-09,17.289996,17.409997,16.840003,17.199994,3530800,12.843419
2007-01-08,17.31,17.460001,16.94,17.300004,3218800,12.918097
2007-01-05,17.069997,17.420004,16.930004,17.34,4850000,12.947963
2007-01-04,17.989997,17.989997,17.499997,17.559998,5413700,13.112238
2007-01-03,19.010004,19.200003,18.120006,18.329996,3673700,13.687203
2006-12-29,19.070007,19.070007,18.650002,18.879997,1538700,14.097895
2006-12-28,19.129996,19.18,18.830004,18.930001,1814200,14.135234
2006-12-27,18.84,18.890004,18.680003,18.869999,1887900,14.09043
2006-12-26,18.669994,18.939997,18.370004,18.490005,1281500,13.806684
2006-12-22,18.980006,18.980006,18.209994,18.500001,1862400,13.814148
2006-12-21,18.710002,18.800003,18.329996,18.410001,3158000,13.746944
2006-12-20,18.749999,18.800003,18.400004,18.470001,4585200,13.791747
2006-12-19,18.030005,18.650002,18.030005,18.520005,3147200,13.829085
2006-12-18,18.269996,18.370004,17.850003,17.92,2872500,13.381055
2006-12-15,18.419997,18.500001,17.820003,18.269996,7483600,13.642401
2006-12-14,17.899996,18.310004,17.829999,18.250003,3070800,13.627472
2006-12-13,18.090006,18.139999,17.760003,18.049997,2412400,13.478126
2006-12-12,17.89,18.049997,17.390004,17.910004,3600200,13.373591
2006-12-11,17.850003,18.340004,17.760003,18.160003,2348900,13.560268
2006-12-08,18.280004,18.419997,17.89,18.040001,3031800,13.470661
2006-12-07,18.299996,18.590002,18.120006,18.340004,3203000,13.694676
2006-12-06,18.550005,18.890004,18.509997,18.520005,2465000,13.829085
2006-12-05,19.050002,19.24,18.749999,18.950004,3060100,14.15017
2006-12-04,19.399997,19.480002,18.990002,19.42,2646200,14.501121
2006-12-01,19.110002,19.249996,18.920006,19.029999,3517800,14.209903
2006-11-30,18.539998,19.42,18.38,19.129996,6890600,14.284572
2006-11-29,17.980001,18.280004,17.959997,18.179994,2302900,13.575196
2006-11-28,17.910004,18.199999,17.749995,18.149994,4242100,13.552794
2006-11-27,17.739999,17.880004,17.589998,17.600006,3517200,13.142112
2006-11-24,17.469997,17.850003,17.379996,17.430001,2624400,13.015167
2006-11-22,17.450005,17.689995,17.270003,17.300004,2443000,12.918097
2006-11-21,17.080005,17.37,17.000001,17.28,2234500,12.90316
2006-11-20,16.979997,17.140005,16.639998,16.88,3342500,12.604476
2006-11-17,16.549997,16.94,16.380004,16.729999,4344100,12.492469
2006-11-16,17.330004,17.450005,16.560005,16.769995,4221800,12.522334
2006-11-15,17.300004,17.709999,17.129998,17.510005,3432200,13.074907
2006-11-14,18.010001,18.010001,17.420004,17.589998,2420300,13.134639
2006-11-13,17.40,17.839996,17.40,17.799999,2155500,13.291449
2006-11-10,18.000004,18.179994,17.649998,17.929996,4068600,13.388519
2006-11-09,17.850003,18.620003,17.689995,18.550005,5231800,13.851487
2006-11-08,17.760003,18.160003,17.640002,17.760003,1853500,13.261584
2006-11-07,18.329996,18.329996,17.929996,18.019997,3091600,13.455724
2006-11-06,17.850003,18.060005,17.589998,17.619998,3233500,13.15704
2006-11-03,17.589998,17.730003,17.37,17.469997,3079500,13.045033
2006-11-02,17.289996,17.649998,16.900004,17.289996,4411100,12.910624
2006-11-01,17.090001,17.450005,16.759999,16.949996,4616100,12.656743
2006-10-31,16.500005,16.949996,16.450001,16.759999,3781800,12.51487
2006-10-30,16.669998,16.97,16.369995,16.500005,5392300,12.320729
2006-10-27,16.919996,17.050005,16.650006,16.729999,6680500,12.492469
2006-10-26,17.600006,17.640002,17.259996,17.510005,2662800,13.074907
2006-10-25,17.499997,18.090006,17.259996,17.779995,3651500,13.276512
2006-10-24,16.699998,17.270003,16.639998,17.140005,4232100,12.798625
2006-10-23,16.750003,17.050005,16.609998,17.009997,2319600,12.701546
2006-10-20,17.240003,17.240003,16.949996,16.960004,3521100,12.664216
2006-10-19,17.069997,17.450005,16.94,17.300004,3741300,12.918097
2006-10-18,17.259996,17.34,16.930004,16.960004,2689200,12.664216
2006-10-17,17.349996,17.349996,16.840003,17.289996,2632900,12.910624
2006-10-16,17.570005,17.570005,17.069997,17.450005,2886800,13.030105
2006-10-13,17.630006,17.689995,17.319996,17.559998,3674500,13.112238
2006-10-12,17.140005,17.469997,17.000001,17.390004,3590000,12.985301
2006-10-11,17.390004,17.550001,17.170005,17.199994,3817800,12.843419
2006-10-10,17.700002,17.850003,17.390004,17.749995,2761900,13.254111
2006-10-09,17.95,17.970004,17.409997,17.700002,2798400,13.21678
2006-10-06,17.760003,17.959997,17.450005,17.86,3032700,13.336253
2006-10-05,17.809996,18.29,17.649998,18.049997,2872100,13.478126
2006-10-04,17.40,17.970004,17.229994,17.910004,4975500,13.373591
2006-10-03,17.779995,17.869996,17.390004,17.430001,3201900,13.015167
2006-10-02,18.280004,18.809999,18.280004,18.520005,2532400,13.829085
2006-09-29,17.880004,18.220003,17.760003,17.839996,1676900,13.321315
2006-09-28,18.460005,18.710002,18.220003,18.299996,1660900,13.664802
2006-09-27,18.479997,18.800003,18.000004,18.639995,2468800,13.918683
2006-09-26,18.130003,18.470001,17.940004,18.389997,1914600,13.732007
2006-09-25,17.869996,17.869996,17.28,17.760003,2030700,13.261584
2006-09-22,17.929996,18.160003,17.769999,17.869996,2342600,13.343717
2006-09-21,17.730003,17.839996,17.289996,17.480005,2841400,13.052506
2006-09-20,17.799999,18.130003,17.570005,17.600006,2046600,13.142112
2006-09-19,18.060005,18.160003,17.559998,17.559998,2575900,13.112238
2006-09-18,17.679998,18.060005,17.229994,18.060005,3390500,13.485599
2006-09-15,17.630006,17.799999,17.249998,17.589998,3907200,13.134639
2006-09-14,18.010001,18.100001,17.270003,17.319996,5216000,12.933025
2006-09-13,17.659995,18.179994,17.600006,17.959997,3099200,13.410922
2006-09-12,17.809996,18.269996,17.630006,17.910004,4202400,13.373591
2006-09-11,18.500001,18.710002,18.120006,18.179994,4793700,13.575196
2006-09-08,19.880002,20.099999,19.500005,19.600002,2950600,14.635531
2006-09-07,20.779995,21.030007,20.390005,20.510005,2612200,15.31504
2006-09-06,21.599999,22.110003,21.549995,21.639994,1982500,16.158815
2006-09-05,21.049999,22.050003,21.000006,21.960002,3644400,16.397768
2006-09-01,20.039999,20.749996,19.750003,20.330005,1773500,15.180632
2006-08-31,20.099999,20.099999,19.530006,19.880002,2340300,14.844609
2006-08-30,20.199996,20.25,19.799996,20.129998,1987200,15.031284
2006-08-29,19.819999,19.889998,19.269999,19.829995,1915600,14.807269
2006-08-28,20.199996,20.25,19.799996,19.880002,1427300,14.844609
2006-08-25,20.390005,20.749996,20.31,20.439998,959700,15.262765
2006-08-24,20.629994,20.820004,20.19,20.259996,1366100,15.128355
2006-08-23,20.920001,21.070002,20.289997,20.499998,1625000,15.307567
2006-08-22,20.390005,20.860001,20.240004,20.569994,1783700,15.239617
2006-08-21,19.679994,20.670002,19.639999,20.529997,2518600,15.209985
2006-08-18,19.249996,19.399997,18.719998,19.330001,3192500,14.320948
2006-08-17,20.099999,20.270003,19.36,19.560005,2458900,14.49135
2006-08-16,20.330005,20.540006,20.069998,20.150003,2914300,14.92846
2006-08-15,19.91,20.25,19.859996,20.120002,2414500,14.906233
2006-08-14,20.090003,20.400001,19.870003,19.990006,2504700,14.809923
2006-08-11,21.460005,21.609995,20.480006,20.649999,1990700,15.29889
2006-08-10,21.359997,21.500002,21.040003,21.38,1476600,15.839723
2006-08-09,21.599999,21.900002,21.160003,21.460005,2012500,15.898996
2006-08-08,21.20,21.539999,20.959998,21.100003,1952400,15.632283
2006-08-07,21.329996,21.800005,21.209996,21.370004,1051400,15.832318
2006-08-04,21.999999,22.099996,21.070002,21.14,2036800,15.661915
2006-08-03,22.200004,22.249997,21.500002,21.729995,2646100,16.099023
2006-08-02,22.159996,22.900006,21.609995,22.810005,2731000,16.899166
2006-08-01,20.899998,21.800005,20.709999,21.740005,2244000,16.106439
2006-07-31,21.000006,21.190004,20.760003,20.850005,1550700,15.447067
2006-07-28,20.760003,21.280003,20.649999,21.190004,1553500,15.698962
2006-07-27,21.449998,21.520005,20.31,20.450005,2453700,15.150721
2006-07-26,20.569994,21.329996,20.430002,21.130002,2255800,15.654508
2006-07-25,20.749996,21.229999,20.259996,21.040003,2505000,15.587831
2006-07-24,20.300004,20.940006,20.009998,20.890002,3383700,15.4767
2006-07-21,22.119999,22.129995,20.610002,20.610002,5245600,15.269258
2006-07-20,23.019995,23.189999,22.119999,22.119999,2451900,16.387964
2006-07-19,22.450002,23.50,22.360001,23.50,3332400,17.41036
2006-07-18,23.469999,23.569996,22.390002,22.700001,2705800,16.817667
2006-07-17,23.259997,23.710001,23.199997,23.349998,3593200,17.299229
2006-07-14,23.199997,23.349998,22.79,23.139995,1705300,17.143644
2006-07-13,23.479994,23.700005,22.67,22.949999,2524700,17.002883
2006-07-12,24.11,24.479999,23.629996,23.899997,3293800,17.706704
2006-07-11,23.760005,24.100004,23.509996,24.100004,1812400,17.854883
2006-07-10,23.330004,23.860002,23.189999,23.580003,2042000,17.469631
2006-07-07,23.629996,24.479999,23.400003,23.509996,2945500,17.417765
2006-07-06,23.289996,23.689996,23.109996,23.629996,2500000,17.506669
2006-07-05,23.920002,23.929998,22.829997,23.150004,3908600,17.15106
2006-07-03,23.490002,23.890001,23.270004,23.890001,1330600,17.699299
2006-06-30,22.960006,23.009999,22.540004,22.900006,2661900,16.965845
2006-06-29,20.890002,22.510003,20.890002,22.499995,3199300,16.66949
2006-06-28,20.839998,21.049999,20.499998,20.719995,2362000,15.350748
2006-06-27,20.850005,21.089996,20.559998,20.580003,4256400,15.247033
2006-06-26,20.809997,20.989999,20.540006,20.989999,3368000,15.550784
2006-06-23,19.390001,20.679998,19.30,20.400001,3076500,15.113675
2006-06-22,19.649995,20.829999,19.649995,20.349997,6063700,15.076629
2006-06-21,18.070001,19.540002,18.070001,19.510001,4864800,14.454304
2006-06-20,17.529997,18.220003,17.450005,18.070001,2556100,13.387457
2006-06-19,17.790003,17.92,17.259996,17.28,2089500,12.802171
2006-06-16,18.079997,18.430005,17.559998,18.090006,4794200,13.402277
2006-06-15,17.349996,18.019997,17.110005,17.940004,4590800,13.291146
2006-06-14,16.699998,17.31,16.440004,16.94,3988600,12.550277
2006-06-13,16.519997,17.110005,16.160005,16.459997,6745200,12.194658
2006-06-12,18.569998,18.710002,17.689995,17.689995,2429000,13.105923
2006-06-09,18.500001,18.869999,18.019997,18.250003,2982300,13.520813
2006-06-08,18.199999,18.509997,17.360004,18.460005,6402600,13.676397
2006-06-07,18.879997,19.810003,18.809999,19.129996,3790500,14.172771
2006-06-06,19.880002,19.979996,19.330001,19.579999,3651400,14.506163
2006-06-05,21.250004,21.500002,20.559998,20.589999,2310500,15.254438
2006-06-02,21.299997,21.32,20.749996,21.019998,3110700,15.57301
2006-06-01,20.25,21.370004,20.19,21.299997,3767900,15.780452
2006-05-31,21.690001,22.15,21.549995,21.909998,4949900,16.232381
2006-05-30,21.669995,22.230003,20.599995,20.689996,3196800,15.328523
2006-05-26,21.20,21.490006,20.520001,21.280003,2059600,15.765639
2006-05-25,20.300004,21.179995,20.150003,21.089996,2647000,15.624869
2006-05-24,19.979996,20.529997,19.459997,19.819999,3930300,14.683971
2006-05-23,20.959998,21.549995,20.610002,20.689996,3336300,15.328523
2006-05-22,20.159999,20.700003,19.269999,20.550002,6937400,15.224806
2006-05-19,22.279996,22.279996,19.900005,21.329996,7990600,15.802677
2006-05-18,22.769997,23.150004,22.239999,22.470005,3384400,16.647272
2006-05-17,23.120003,23.730004,22.21,22.570003,7160100,16.721356
2006-05-16,22.900006,23.169996,21.810001,22.529994,4707600,16.691715
2006-05-15,22.949999,23.50,22.369997,23.199997,6381200,17.188098
2006-05-12,26.250001,26.430003,24.340005,24.759998,4980400,18.34385
2006-05-11,25.899994,26.950002,25.769998,26.330006,5795800,19.507016
2006-05-10,24.870002,25.480003,24.680004,25.399998,3263800,18.818004
2006-05-09,23.629996,25.170005,23.62,24.900001,4604000,18.447574
2006-05-08,23.150004,23.490002,22.559996,23.420006,3861700,17.351095
2006-05-05,24.949994,25.009996,23.700005,24.200001,3213500,17.928967
2006-05-04,24.680004,25.230005,24.51,25.069996,2631700,18.573517
2006-05-03,25.810006,25.810006,24.810002,25.350005,1988200,18.780966
2006-05-02,25.149999,25.799997,24.860006,25.739997,2567800,19.069898
2006-05-01,25.949998,26.049995,25.279998,25.390002,1879500,18.810599
2006-04-28,24.939998,25.540003,24.789997,25.409994,3408400,18.82541
2006-04-27,24.939998,25.739997,24.410003,24.429995,2806800,18.099362
2006-04-26,25.089999,25.889998,24.840001,25.70,2712400,19.040266
2006-04-25,25.029999,25.350005,24.549995,25.080003,2948500,18.580931
2006-04-24,25.210002,25.559995,24.770005,24.969999,3006700,18.499433
2006-04-21,24.75,26.199997,24.429995,25.889998,4536900,19.181029
2006-04-20,25.899994,26.139997,23.779997,23.850006,7941000,17.669668
2006-04-19,24.870002,25.899994,24.780001,25.899994,3746800,19.188435
2006-04-18,24.449998,24.990002,24.23,24.840001,2871800,18.403122
2006-04-17,23.640003,24.149995,23.409999,23.999994,2184500,17.780789
2006-04-13,22.769997,23.180003,22.470005,23.180003,2114400,17.173285
2006-04-12,22.290005,22.960006,22.249997,22.960006,2751600,17.010297
2006-04-11,22.579998,22.900006,21.629998,21.650004,4351000,16.03976
2006-04-10,23.150004,23.310001,21.66,21.890006,5114200,16.217569
2006-04-07,22.769997,23.109996,22.410005,22.949999,2714700,17.002883
2006-04-06,23.330004,23.490002,23.009999,23.490002,2883600,17.402952
2006-04-05,22.780004,23.079995,22.679996,23.019995,2107900,17.05474
2006-04-04,22.55,22.900006,22.320004,22.499995,1390600,16.66949
2006-04-03,22.300001,23.000003,22.239999,22.55,2827000,16.706537
2006-03-31,21.860005,22.339996,21.609995,21.980005,1914100,16.284247
2006-03-30,21.620002,22.27,21.500002,22.179999,4151500,16.432416
2006-03-29,20.319996,21.079998,20.289997,21.010002,1717000,15.565604
2006-03-28,20.749996,20.850005,20.270003,20.31,1504000,15.046996
2006-03-27,20.749996,21.350001,20.619998,21.030007,3452900,15.580425
2006-03-24,19.990006,20.569994,19.880002,20.520001,2826200,15.202579
2006-03-23,19.669998,20.000002,19.459997,20.000002,1820900,14.817329
2006-03-22,19.679994,19.870003,19.560005,19.720002,1134900,14.609887
2006-03-21,19.769995,19.940002,19.129996,19.459997,1927900,14.417257
2006-03-20,20.099999,20.330005,19.759999,19.759999,1314300,14.639519
2006-03-17,20.050006,20.109995,19.750003,20.009998,1712900,14.824734
2006-03-16,20.120002,20.139996,19.560005,19.759999,2158900,14.639519
2006-03-15,20.159999,20.25,19.699999,20.219999,2227400,14.980317
2006-03-14,19.450001,19.870003,19.330001,19.799996,2336800,14.669152
2006-03-13,19.249996,19.619994,19.089999,19.260003,1887700,14.269089
2006-03-10,18.500001,19.209999,18.35,18.999997,2719200,14.076459
2006-03-09,18.999997,19.390001,18.699995,18.710002,4794400,13.861612
2006-03-08,18.550005,18.950004,18.160003,18.699995,5971900,13.854198
2006-03-07,18.980006,19.390001,18.78,18.999997,4056400,14.076459
2006-03-06,20.390005,20.719995,19.170002,19.649995,4586200,14.558021
2006-03-03,20.800001,21.049999,20.569994,20.730005,8580000,15.358163
2006-03-02,21.960002,22.399998,21.010002,21.569998,13305000,15.980487
2006-03-01,22.230003,23.479994,22.230003,23.199997,3562600,17.188098
2006-02-28,22.360001,22.630003,21.78,22.230003,1510400,16.469462
2006-02-27,22.700001,22.889997,22.33,22.480001,1005500,16.654677
2006-02-24,22.799998,23.180003,22.499995,23.180003,1475000,17.173285
2006-02-23,23.189999,23.199997,22.480001,22.540004,1777000,16.699131
2006-02-22,22.940001,23.180003,22.639999,23.030002,1441700,17.062154
2006-02-21,22.850002,23.039998,22.61,22.940001,2402100,16.995475
2006-02-17,22.200004,22.679996,22.119999,22.579998,2881100,16.728762
2006-02-16,20.910005,21.599999,20.850005,21.310004,2094400,15.787866
2006-02-15,21.599999,21.870001,20.510005,20.910005,2994200,15.491519
2006-02-14,21.569998,21.999999,21.290001,21.639994,2742200,16.032344
2006-02-13,22.339996,22.499995,21.169999,21.579994,2470400,15.987892
2006-02-10,23.180003,23.259997,21.560002,22.510003,6015200,16.676904
2006-02-09,22.840006,23.079995,22.679996,22.859998,2400900,16.936204
2006-02-08,21.969998,22.320004,21.410001,21.999999,3395800,16.29906
2006-02-07,23.150004,23.16,21.410001,21.680002,4849200,16.061985
2006-02-06,22.960006,23.899997,22.960006,23.830001,2522600,17.654847
2006-02-03,23.319997,23.430001,22.159996,22.399998,3850300,16.595406
2006-02-02,23.999994,24.079999,23.10,23.929998,3447500,17.728931
2006-02-01,24.049998,24.17,23.400003,24.019999,3688600,17.79561
2006-01-31,22.979998,23.950003,22.919998,23.580003,3741200,17.469631
2006-01-30,21.950006,22.410005,21.830004,22.410005,2022500,16.60282
2006-01-27,22.119999,22.390002,21.449998,21.759997,2357700,16.12125
2006-01-26,21.680002,21.849998,21.440002,21.620002,3540500,16.017533
2006-01-25,21.440002,21.579994,20.910005,21.449998,2618100,15.891583
2006-01-24,20.439998,20.839998,20.099999,20.679998,1671700,15.321115
2006-01-23,21.059995,21.059995,20.25,20.599995,2518900,15.261844
2006-01-20,21.000006,21.20,20.050006,20.31,3352300,15.046996
2006-01-19,20.640003,20.880006,20.240004,20.679998,2100800,15.321115
2006-01-18,20.060002,20.19,19.530006,19.819999,3619700,14.683971
2006-01-17,20.069998,20.349997,19.690003,20.039999,3491100,14.846961
2006-01-13,19.219995,19.759999,19.140003,19.649995,2488000,14.558021
2006-01-12,18.920006,19.040006,18.430005,18.580006,1880900,13.765302
2006-01-11,19.200003,19.36,18.890004,19.36,1112900,14.343173
2006-01-10,19.290004,19.339997,18.719998,19.200003,1674900,14.224637
2006-01-09,19.380005,19.560005,19.050002,19.330001,1527900,14.320948
2006-01-06,19.02,19.649995,18.999997,19.649995,2075800,14.558021
2006-01-05,18.500001,18.800003,18.199999,18.659998,2043300,13.824565
2006-01-04,19.050002,19.249996,18.909996,19.18,2157100,14.209817
2006-01-03,18.359996,19.500005,18.269996,19.269999,3321500,14.276494
