Date,Open,High,Low,Close,Volume,Adj Close
2015-12-31,12.14,12.14,11.67,11.69,56000,11.69
2015-12-30,12.46,12.76,12.10,12.11,143000,12.11
2015-12-29,11.89,12.71,11.85,12.48,118100,12.48
2015-12-28,11.92,12.02,11.65,11.89,57800,11.89
2015-12-24,11.96,12.12,11.96,12.04,16400,12.04
2015-12-23,12.10,12.10,11.82,11.92,90600,11.92
2015-12-22,11.76,12.03,11.54,12.01,58000,12.01
2015-12-21,11.99,12.11,11.56,11.73,62100,11.73
2015-12-18,12.28,12.66,11.99,12.12,59900,12.12
2015-12-17,12.51,12.51,12.33,12.35,51200,12.35
2015-12-16,12.27,12.43,12.10,12.39,33500,12.39
2015-12-15,11.94,12.21,11.88,12.18,19700,12.18
2015-12-14,11.95,12.07,11.50,11.83,64600,11.83
2015-12-11,11.88,12.19,11.70,12.10,57400,12.10
2015-12-10,12.21,12.27,12.04,12.12,31700,12.12
2015-12-09,12.37,12.51,12.06,12.14,25200,12.14
2015-12-08,12.50,12.52,12.31,12.35,28300,12.35
2015-12-07,12.51,12.85,12.42,12.50,48600,12.50
2015-12-04,12.66,12.76,12.52,12.59,26000,12.59
2015-12-03,12.88,12.99,12.55,12.61,61500,12.61
2015-12-02,12.77,13.03,12.73,12.89,47500,12.89
2015-12-01,12.75,12.90,12.61,12.70,56200,12.70
2015-11-30,12.55,12.95,12.50,12.75,121600,12.75
2015-11-27,12.47,12.50,12.40,12.46,43700,12.46
2015-11-25,12.60,12.60,12.47,12.50,94600,12.50
2015-11-24,12.45,12.60,12.39,12.60,25700,12.60
2015-11-23,12.53,12.60,12.36,12.40,59700,12.40
2015-11-20,12.49,12.50,12.36,12.40,61100,12.40
2015-11-19,12.36,12.53,12.33,12.42,49600,12.42
2015-11-18,12.12,12.62,12.11,12.40,30500,12.40
2015-11-17,12.50,12.51,12.24,12.29,60100,12.29
2015-11-16,12.57,12.83,12.44,12.50,79600,12.50
2015-11-13,12.60,12.71,12.40,12.49,39200,12.49
2015-11-12,12.73,12.80,12.64,12.70,53200,12.70
2015-11-11,12.82,12.95,12.73,12.82,16600,12.82
2015-11-10,12.72,13.03,12.72,12.81,15600,12.81
2015-11-09,13.02,13.04,12.72,12.72,29000,12.72
2015-11-06,12.64,13.06,12.64,12.96,44600,12.96
2015-11-05,12.57,12.99,12.57,12.63,34100,12.63
2015-11-04,12.94,12.94,12.42,12.57,30300,12.57
2015-11-03,12.98,12.99,12.80,12.88,14900,12.88
2015-11-02,12.97,13.23,12.89,12.97,50900,12.97
2015-10-30,13.23,13.28,12.96,12.99,34100,12.99
2015-10-29,12.96,13.29,12.82,13.16,31800,13.16
2015-10-28,12.21,12.97,12.21,12.96,44000,12.96
2015-10-27,12.30,12.37,12.03,12.11,53000,12.11
2015-10-26,12.49,12.49,12.25,12.39,16300,12.39
2015-10-23,12.39,12.49,12.27,12.49,14800,12.49
2015-10-22,12.29,12.42,12.29,12.39,12100,12.39
2015-10-21,12.34,12.41,12.19,12.20,16800,12.20
2015-10-20,12.41,12.49,12.28,12.33,34100,12.33
2015-10-19,12.27,12.50,12.25,12.46,24000,12.46
2015-10-16,12.45,12.47,12.40,12.46,14300,12.46
2015-10-15,12.16,12.41,12.00,12.40,11200,12.40
2015-10-14,12.36,12.41,11.77,12.14,13000,12.14
2015-10-13,12.29,12.39,12.27,12.32,25100,12.32
2015-10-12,12.28,12.37,12.19,12.30,25500,12.30
2015-10-09,12.19,12.29,12.16,12.21,16700,12.21
2015-10-08,12.00,12.20,12.00,12.19,50500,12.19
2015-10-07,11.95,12.03,11.88,12.00,29500,12.00
2015-10-06,11.89,12.10,11.80,11.94,48300,11.94
2015-10-05,11.29,11.89,11.29,11.84,34500,11.84
2015-10-02,11.33,11.36,11.19,11.31,23800,11.31
2015-10-01,11.46,11.46,11.23,11.42,30400,11.42
2015-09-30,11.48,11.53,11.40,11.49,14400,11.49
2015-09-29,11.30,11.53,11.16,11.41,15200,11.41
2015-09-28,11.25,11.31,11.15,11.24,23200,11.24
2015-09-25,11.34,11.34,11.21,11.31,27100,11.31
2015-09-24,11.19,11.34,11.16,11.28,22500,11.28
2015-09-23,11.14,11.34,11.14,11.28,12800,11.28
2015-09-22,10.94,11.18,10.91,11.13,16100,11.13
2015-09-21,11.25,11.44,11.00,11.03,38600,11.03
2015-09-18,11.10,11.24,11.10,11.19,39700,11.19
2015-09-17,11.39,11.42,11.26,11.27,20300,11.27
2015-09-16,11.48,11.48,11.26,11.36,33500,11.36
2015-09-15,11.46,11.55,11.44,11.49,11700,11.49
2015-09-14,11.64,11.66,11.43,11.46,29400,11.46
2015-09-11,11.39,11.77,11.39,11.71,13500,11.71
2015-09-10,11.37,11.52,11.37,11.50,33600,11.50
2015-09-09,11.45,11.49,11.35,11.37,39500,11.37
2015-09-08,11.52,11.52,11.40,11.44,58400,11.44
2015-09-04,11.13,11.52,11.07,11.48,33300,11.48
2015-09-03,11.39,11.41,11.29,11.29,48900,11.29
2015-09-02,11.38,11.41,11.35,11.41,19000,11.41
2015-09-01,11.18,11.44,11.18,11.30,36400,11.30
2015-08-31,11.40,11.52,11.35,11.49,32300,11.49
2015-08-28,11.26,11.48,11.01,11.41,22100,11.41
2015-08-27,11.20,11.36,10.99,11.25,22500,11.25
2015-08-26,11.27,11.27,10.89,11.15,29100,11.15
2015-08-25,11.45,11.45,10.96,11.01,38100,11.01
2015-08-24,11.30,11.65,11.13,11.13,65500,11.13
2015-08-21,11.27,11.71,11.27,11.67,36800,11.67
2015-08-20,11.73,11.73,11.48,11.48,32900,11.48
2015-08-19,11.74,11.84,11.66,11.79,33400,11.79
2015-08-18,11.73,11.79,11.72,11.77,27600,11.77
2015-08-17,11.41,11.87,11.34,11.79,63300,11.79
2015-08-14,10.68,11.30,10.68,11.29,179100,11.29
2015-08-13,11.32,11.44,10.63,10.63,81300,10.63
2015-08-12,11.23,11.43,11.00,11.29,22400,11.29
2015-08-11,11.09,11.40,10.98,11.24,23600,11.24
2015-08-10,11.23,11.24,11.05,11.13,21100,11.13
2015-08-07,10.64,11.22,10.64,11.02,17100,11.02
2015-08-06,10.83,10.89,10.63,10.77,11200,10.77
2015-08-05,10.63,10.84,9.33,10.81,20800,10.81
2015-08-04,10.74,10.74,10.39,10.60,10300,10.60
2015-08-03,10.72,10.85,10.69,10.79,28700,10.79
2015-07-31,10.52,10.77,10.46,10.68,26000,10.68
2015-07-30,10.45,10.61,10.32,10.47,29300,10.47
2015-07-29,10.17,10.90,10.17,10.59,18000,10.59
2015-07-28,11.02,11.02,10.73,10.86,25500,10.86
2015-07-27,11.06,11.06,10.88,10.95,21500,10.95
2015-07-24,11.09,11.16,10.93,11.09,23100,11.09
2015-07-23,11.26,11.26,11.12,11.15,21000,11.15
2015-07-22,11.28,11.36,11.20,11.28,16600,11.28
2015-07-21,11.20,11.27,11.11,11.20,31000,11.20
2015-07-20,11.39,11.39,11.04,11.15,56400,11.15
2015-07-17,11.46,11.50,11.38,11.43,12600,11.43
2015-07-16,11.50,11.50,11.36,11.47,14500,11.47
2015-07-15,11.42,11.50,11.42,11.46,9000,11.46
2015-07-14,11.47,11.50,11.40,11.49,6700,11.49
2015-07-13,11.43,11.49,11.39,11.45,27800,11.45
2015-07-10,11.45,11.50,11.39,11.42,29500,11.42
2015-07-09,11.50,11.50,11.36,11.36,19900,11.36
2015-07-08,11.36,11.46,11.32,11.34,22400,11.34
2015-07-07,11.48,11.55,11.42,11.47,38300,11.47
2015-07-06,11.51,11.57,11.43,11.54,26200,11.54
2015-07-02,11.73,11.73,11.60,11.65,28200,11.65
2015-07-01,11.52,11.77,11.52,11.73,20200,11.73
2015-06-30,11.49,11.49,11.28,11.38,20200,11.38
2015-06-29,11.71,11.71,11.34,11.37,20100,11.37
2015-06-26,11.90,12.01,11.74,11.75,152500,11.75
2015-06-25,11.83,11.90,11.65,11.84,16600,11.84
2015-06-24,12.00,12.01,11.83,11.83,21300,11.83
2015-06-23,11.88,12.01,11.88,12.01,14700,12.01
2015-06-22,11.82,12.01,11.82,11.96,33000,11.96
2015-06-19,11.55,11.77,11.49,11.69,59900,11.69
2015-06-18,11.45,11.63,11.38,11.61,40700,11.61
2015-06-17,11.57,11.57,11.40,11.49,19300,11.49
2015-06-16,11.41,11.56,11.17,11.54,16900,11.54
2015-06-15,11.44,11.65,11.24,11.48,26700,11.48
2015-06-12,11.57,11.81,11.55,11.56,12800,11.56
2015-06-11,11.60,11.67,11.55,11.64,16000,11.64
2015-06-10,11.29,11.63,11.29,11.63,17800,11.63
2015-06-09,11.23,11.38,11.17,11.17,13400,11.17
2015-06-08,11.34,11.44,11.17,11.34,19200,11.34
2015-06-05,11.37,11.51,11.19,11.39,5400,11.39
2015-06-04,11.33,11.45,11.33,11.40,6900,11.40
2015-06-03,11.49,11.59,11.39,11.41,16700,11.41
2015-06-02,11.35,11.58,11.35,11.49,11900,11.49
2015-06-01,11.16,11.50,10.85,11.44,42200,11.44
2015-05-29,11.12,11.17,11.05,11.10,19300,11.10
2015-05-28,11.00,11.18,10.87,11.14,20400,11.14
2015-05-27,11.47,11.47,11.21,11.32,13500,11.32
2015-05-26,11.67,11.67,11.30,11.42,34200,11.42
2015-05-22,11.70,11.76,11.58,11.65,24500,11.65
2015-05-21,11.76,11.76,11.47,11.68,12600,11.68
2015-05-20,11.65,11.82,11.38,11.71,21300,11.71
2015-05-19,11.25,11.83,11.25,11.65,17400,11.65
2015-05-18,11.38,11.59,11.23,11.53,24700,11.53
2015-05-15,11.70,11.73,11.14,11.43,14400,11.43
2015-05-14,11.37,11.73,11.37,11.68,11300,11.68
2015-05-13,11.16,11.45,11.16,11.37,13400,11.37
2015-05-12,11.13,11.28,11.02,11.28,12800,11.28
2015-05-11,11.22,11.30,11.21,11.29,17300,11.29
2015-05-08,11.31,11.42,11.16,11.34,21700,11.34
2015-05-07,11.06,11.23,10.98,11.12,14800,11.12
2015-05-06,11.32,11.32,11.00,11.11,16400,11.11
2015-05-05,11.14,11.45,10.98,11.27,33500,11.27
2015-05-04,11.20,11.39,11.15,11.22,31600,11.22
2015-05-01,11.07,11.28,10.95,11.20,44800,11.20
2015-04-30,11.20,11.27,10.88,11.08,44700,11.08
2015-04-29,11.49,11.74,11.29,11.32,24100,11.32
2015-04-28,11.36,11.76,11.33,11.59,49000,11.59
2015-04-27,11.19,11.47,11.18,11.43,31600,11.43
2015-04-24,11.25,11.33,11.13,11.27,16700,11.27
2015-04-23,11.30,11.38,11.10,11.28,22200,11.28
2015-04-22,11.50,11.52,11.16,11.37,11600,11.37
2015-04-21,11.41,11.55,11.31,11.44,27700,11.44
2015-04-20,11.37,11.43,11.28,11.42,25300,11.42
2015-04-17,11.35,11.40,10.95,11.28,106600,11.28
2015-04-16,11.51,11.51,11.13,11.39,20100,11.39
2015-04-15,11.90,12.15,11.37,11.45,50500,11.45
2015-04-14,11.23,12.09,11.15,11.93,30700,11.93
2015-04-13,10.99,11.26,10.97,11.20,51400,11.20
2015-04-10,10.86,10.98,10.69,10.88,44500,10.88
2015-04-09,10.57,10.79,10.57,10.76,51100,10.76
2015-04-08,10.62,10.71,10.46,10.57,242400,10.57
2015-04-07,10.95,10.95,10.62,10.65,41100,10.65
2015-04-06,11.10,11.10,10.76,10.95,26900,10.95
2015-04-02,10.73,11.16,10.73,11.10,22300,11.10
2015-04-01,10.55,10.80,10.50,10.79,25100,10.79
2015-03-31,10.60,10.65,10.53,10.60,38400,10.60
2015-03-30,10.53,10.65,10.48,10.63,43300,10.63
2015-03-27,10.35,10.55,10.25,10.45,32000,10.45
2015-03-26,10.29,10.49,10.23,10.35,21700,10.35
2015-03-25,10.35,10.40,10.25,10.26,39600,10.26
2015-03-24,10.21,10.39,10.17,10.35,50300,10.35
2015-03-23,10.50,10.66,9.87,10.23,122300,10.23
2015-03-20,11.08,11.08,10.38,10.45,137700,10.45
2015-03-19,11.22,11.22,11.04,11.06,8600,11.06
2015-03-18,11.03,11.25,10.99,11.25,9300,11.25
2015-03-17,11.14,11.14,11.01,11.07,7700,11.07
2015-03-16,11.27,11.27,10.93,11.19,14100,11.19
2015-03-13,11.30,11.30,10.91,11.27,16400,11.27
2015-03-12,11.17,11.42,10.36,11.32,32800,11.32
2015-03-11,11.09,11.29,11.03,11.03,67700,11.03
2015-03-10,11.03,11.20,11.03,11.12,8900,11.12
2015-03-09,10.88,11.30,10.88,11.22,23800,11.22
2015-03-06,10.63,11.04,10.63,10.88,81700,10.88
2015-03-05,10.80,11.16,10.70,10.70,34700,10.70
2015-03-04,11.03,11.12,10.69,10.75,58800,10.75
2015-03-03,11.09,11.21,11.05,11.07,6100,11.07
2015-03-02,11.31,11.48,11.03,11.21,9900,11.21
2015-02-27,11.33,11.42,11.28,11.28,15500,11.28
2015-02-26,11.05,11.44,11.05,11.38,13200,11.38
2015-02-25,10.85,11.14,10.85,11.10,14300,11.10
2015-02-24,10.92,11.13,10.73,10.87,17000,10.87
2015-02-23,10.96,11.04,10.66,10.92,39200,10.92
2015-02-20,10.86,11.02,10.78,10.87,26300,10.87
2015-02-19,10.71,10.98,10.70,10.81,17300,10.81
2015-02-18,10.51,10.74,10.51,10.68,6800,10.68
2015-02-17,10.47,10.69,9.50,10.59,45000,10.59
2015-02-13,10.66,10.82,10.44,10.48,20800,10.48
2015-02-12,10.50,10.74,10.50,10.64,19000,10.64
2015-02-11,10.94,11.00,10.62,10.65,19400,10.65
2015-02-10,11.11,11.11,10.93,10.97,28200,10.97
2015-02-09,11.10,11.33,11.03,11.05,26000,11.05
2015-02-06,11.32,11.34,11.16,11.22,30200,11.22
2015-02-05,11.28,11.46,11.13,11.29,13000,11.29
2015-02-04,11.51,11.65,11.22,11.26,15400,11.26
2015-02-03,11.24,11.59,11.22,11.52,16500,11.52
2015-02-02,11.03,11.24,10.87,11.16,24600,11.16
2015-01-30,11.14,11.31,11.01,11.04,29600,11.04
2015-01-29,11.20,11.29,11.05,11.27,14500,11.27
2015-01-28,11.32,11.38,11.05,11.07,25400,11.07
2015-01-27,11.23,11.41,11.22,11.28,17700,11.28
2015-01-26,11.41,11.41,11.21,11.25,19300,11.25
2015-01-23,11.66,11.66,11.15,11.41,21900,11.41
2015-01-22,11.38,11.70,11.38,11.62,25000,11.62
2015-01-21,11.00,11.48,11.00,11.36,18400,11.36
2015-01-20,11.14,11.25,11.00,11.07,29800,11.07
2015-01-16,10.96,11.45,10.96,11.08,34100,11.08
2015-01-15,11.24,11.40,10.98,11.01,44100,11.01
2015-01-14,11.39,11.50,10.91,11.28,24200,11.28
2015-01-13,11.46,11.99,11.31,11.39,15000,11.39
2015-01-12,11.55,11.64,11.25,11.32,19600,11.32
2015-01-09,11.60,11.70,11.52,11.59,9000,11.59
2015-01-08,11.52,11.76,11.20,11.67,16000,11.67
2015-01-07,11.67,11.67,11.22,11.40,14200,11.40
2015-01-06,11.86,12.25,11.50,11.52,16200,11.52
2015-01-05,11.95,12.67,11.82,11.97,87600,11.97
2015-01-02,12.09,12.24,11.79,12.11,24900,12.11
2014-12-31,12.17,12.43,11.98,12.09,23100,12.09
2014-12-30,12.00,12.28,11.85,12.19,52500,12.19
2014-12-29,11.83,12.00,11.83,12.00,26000,12.00
2014-12-26,11.63,11.79,11.60,11.77,8700,11.77
2014-12-24,11.78,11.78,11.50,11.58,6000,11.58
2014-12-23,11.47,11.59,11.01,11.50,15100,11.50
2014-12-22,11.51,11.59,11.21,11.45,27900,11.45
2014-12-19,11.40,11.69,11.31,11.47,59000,11.47
2014-12-18,11.76,11.89,11.33,11.44,31900,11.44
2014-12-17,11.20,11.59,11.04,11.56,35200,11.56
2014-12-16,11.28,11.68,11.12,11.24,50400,11.24
2014-12-15,11.72,11.72,11.28,11.40,27000,11.40
2014-12-12,11.63,11.85,11.40,11.67,96100,11.67
2014-12-11,11.72,11.89,11.53,11.84,27700,11.84
2014-12-10,12.00,12.00,11.59,11.62,20800,11.62
2014-12-09,11.69,12.00,11.69,11.98,29300,11.98
2014-12-08,11.96,12.00,11.33,11.89,42100,11.89
2014-12-05,11.75,11.99,11.75,11.95,20100,11.95
2014-12-04,11.49,11.85,11.49,11.75,19600,11.75
2014-12-03,11.26,12.00,10.91,11.77,59000,11.77
2014-12-02,11.08,11.55,11.08,11.55,14900,11.55
2014-12-01,11.79,11.81,10.93,11.10,53000,11.10
2014-11-28,12.09,12.09,11.75,11.79,19300,11.79
2014-11-26,11.96,12.00,11.25,11.99,8500,11.99
2014-11-25,11.89,12.05,11.75,11.88,22500,11.88
2014-11-24,11.73,12.00,11.30,11.92,37300,11.92
2014-11-21,11.74,11.96,11.47,11.76,19800,11.76
2014-11-20,11.43,12.00,11.17,11.51,19300,11.51
2014-11-19,12.00,12.04,11.45,11.47,33800,11.47
2014-11-18,11.93,12.12,11.90,12.05,23100,12.05
2014-11-17,11.45,11.97,11.45,11.87,43800,11.87
2014-11-14,11.48,11.59,11.38,11.39,22900,11.39
2014-11-13,11.15,11.50,11.15,11.45,25200,11.45
2014-11-12,11.53,11.53,10.73,11.16,24200,11.16
2014-11-11,11.38,11.46,11.16,11.26,19700,11.26
2014-11-10,11.70,11.70,10.81,11.37,36900,11.37
2014-11-07,11.82,11.82,11.00,11.70,21200,11.70
2014-11-06,11.68,11.86,11.51,11.75,26200,11.75
2014-11-05,11.94,11.94,11.34,11.70,32300,11.70
2014-11-04,11.68,11.94,11.48,11.92,20300,11.92
2014-11-03,11.66,11.94,11.55,11.66,60000,11.66
2014-10-31,11.00,11.68,10.81,11.66,36800,11.66
2014-10-30,10.90,11.00,10.88,11.00,47800,11.00
2014-10-29,10.93,10.93,10.71,10.90,20700,10.90
2014-10-28,10.33,10.94,10.33,10.92,21900,10.92
2014-10-27,10.07,10.41,9.96,10.31,42800,10.31
2014-10-24,10.17,10.25,10.03,10.16,22200,10.16
2014-10-23,10.56,10.67,10.07,10.20,36800,10.20
2014-10-22,10.52,10.62,10.40,10.43,18800,10.43
2014-10-21,10.82,10.82,10.47,10.52,19100,10.52
2014-10-20,10.94,11.00,10.72,10.78,36500,10.78
2014-10-17,10.57,11.07,10.30,10.94,71800,10.94
2014-10-16,10.12,10.55,10.12,10.51,21800,10.51
2014-10-15,10.33,10.55,10.17,10.27,47000,10.27
2014-10-14,10.65,10.75,10.44,10.47,39900,10.47
2014-10-13,10.75,10.87,10.47,10.60,41500,10.60
2014-10-10,10.20,10.90,10.20,10.65,38700,10.65
2014-10-09,10.45,10.69,10.17,10.27,25300,10.27
2014-10-08,10.09,10.62,10.04,10.56,24300,10.56
2014-10-07,10.21,10.31,10.10,10.16,16800,10.16
2014-10-06,10.53,10.54,10.30,10.32,24000,10.32
2014-10-03,10.76,10.87,10.54,10.58,15300,10.58
2014-10-02,10.31,10.64,10.30,10.64,30100,10.64
2014-10-01,10.31,10.31,10.15,10.19,28400,10.19
2014-09-30,10.32,10.51,10.31,10.31,43400,10.31
2014-09-29,10.23,10.43,10.20,10.36,12100,10.36
2014-09-26,10.18,10.44,10.15,10.38,20300,10.38
2014-09-25,10.57,10.60,10.15,10.16,41300,10.16
2014-09-24,10.31,10.64,10.19,10.62,23800,10.62
2014-09-23,10.22,10.44,10.12,10.29,29300,10.29
2014-09-22,10.51,10.51,10.19,10.22,63700,10.22
2014-09-19,10.71,10.97,10.38,10.62,70700,10.62
2014-09-18,10.26,10.77,10.08,10.71,29000,10.71
2014-09-17,10.25,10.62,10.14,10.18,18200,10.18
2014-09-16,9.85,10.32,9.85,10.22,50100,10.22
2014-09-15,9.80,9.95,9.31,9.76,42400,9.76
2014-09-12,9.63,9.77,9.24,9.70,25700,9.70
2014-09-11,9.53,9.64,9.48,9.61,15300,9.61
2014-09-10,9.59,9.64,9.24,9.62,59100,9.62
2014-09-09,9.89,9.89,9.48,9.56,23700,9.56
2014-09-08,10.06,10.06,9.61,9.66,9500,9.66
2014-09-05,9.48,9.68,9.48,9.59,10700,9.59
2014-09-04,9.69,9.85,9.43,9.53,13300,9.53
2014-09-03,9.82,9.82,9.62,9.65,23300,9.65
2014-09-02,9.62,9.79,9.54,9.73,43200,9.73
2014-08-29,9.36,9.65,9.35,9.55,27400,9.55
2014-08-28,9.38,9.51,9.34,9.39,41600,9.39
2014-08-27,9.52,9.59,9.45,9.45,11100,9.45
2014-08-26,9.48,9.58,9.44,9.55,23500,9.55
2014-08-25,9.32,9.50,9.26,9.46,13100,9.46
2014-08-22,9.36,9.45,9.24,9.24,15700,9.24
2014-08-21,9.22,9.46,9.22,9.40,22100,9.40
2014-08-20,9.75,9.76,9.24,9.26,9200,9.26
2014-08-19,9.79,9.87,9.73,9.80,10900,9.80
2014-08-18,9.48,9.83,9.43,9.78,19500,9.78
2014-08-15,9.73,9.73,9.22,9.38,54200,9.38
2014-08-14,9.45,9.61,9.43,9.58,13300,9.58
2014-08-13,9.32,9.46,9.30,9.44,33600,9.44
2014-08-12,9.36,9.42,9.05,9.30,38800,9.30
2014-08-11,9.25,9.47,8.94,9.36,29600,9.36
2014-08-08,9.22,9.27,9.20,9.20,17800,9.20
2014-08-07,9.14,9.64,9.02,9.26,13800,9.26
2014-08-06,8.86,9.29,8.86,9.13,12300,9.13
2014-08-05,8.79,8.93,8.67,8.87,25700,8.87
2014-08-04,8.83,8.95,8.66,8.85,36300,8.85
2014-08-01,9.02,9.02,8.75,8.77,29500,8.77
2014-07-31,8.97,9.13,8.95,8.97,24100,8.97
2014-07-30,9.21,9.22,9.05,9.07,58900,9.07
2014-07-29,9.10,9.19,9.07,9.13,36400,9.13
2014-07-28,9.24,9.24,8.90,9.11,65600,9.11
2014-07-25,9.37,9.37,9.22,9.34,30700,9.34
2014-07-24,9.47,9.63,9.40,9.45,12700,9.45
2014-07-23,9.59,9.71,9.46,9.50,9900,9.50
2014-07-22,9.44,9.64,9.39,9.54,21200,9.54
2014-07-21,9.40,9.44,9.20,9.41,24300,9.41
2014-07-18,9.30,9.65,9.21,9.45,33100,9.45
2014-07-17,9.65,9.67,9.30,9.35,24400,9.35
2014-07-16,9.85,9.91,9.66,9.67,18700,9.67
2014-07-15,9.65,9.85,9.65,9.78,28000,9.78
2014-07-14,9.71,9.71,9.41,9.65,26400,9.65
2014-07-11,9.73,9.81,9.50,9.71,16400,9.71
2014-07-10,10.14,10.19,9.73,9.77,27500,9.77
2014-07-09,10.60,10.60,10.25,10.38,21600,10.38
2014-07-08,10.74,10.74,10.41,10.56,23900,10.56
2014-07-07,10.84,10.87,10.66,10.72,24800,10.72
2014-07-03,10.89,10.99,10.89,10.94,8300,10.94
2014-07-02,11.02,11.02,10.79,10.81,75400,10.81
2014-07-01,10.75,11.05,10.70,11.00,76200,11.00
2014-06-30,10.74,10.78,10.61,10.75,30900,10.75
2014-06-27,10.31,10.82,10.18,10.82,189600,10.82
2014-06-26,10.72,10.72,10.34,10.39,30500,10.39
2014-06-25,10.70,10.77,10.66,10.75,30600,10.75
2014-06-24,10.95,11.06,10.64,10.76,46300,10.76
2014-06-23,10.93,11.01,10.78,10.92,31000,10.92
2014-06-20,10.74,10.88,10.74,10.87,69700,10.87
2014-06-19,10.67,10.72,10.58,10.68,41400,10.68
2014-06-18,10.44,10.61,10.44,10.61,40600,10.61
2014-06-17,10.27,10.53,10.10,10.51,105200,10.51
2014-06-16,10.29,10.32,10.17,10.32,63500,10.32
2014-06-13,10.36,10.37,10.20,10.37,25600,10.37
2014-06-12,10.35,10.40,10.27,10.37,20900,10.37
2014-06-11,10.35,10.39,10.23,10.36,35600,10.36
2014-06-10,10.44,10.45,10.17,10.43,37100,10.43
2014-06-09,10.16,10.35,10.16,10.35,74900,10.35
2014-06-06,9.91,10.20,9.80,10.09,55400,10.09
2014-06-05,9.65,9.88,9.63,9.85,57600,9.85
2014-06-04,9.61,9.73,9.58,9.67,67700,9.67
2014-06-03,9.67,9.73,9.49,9.68,44500,9.68
2014-06-02,9.85,9.90,9.61,9.67,45900,9.67
2014-05-30,9.74,9.89,9.71,9.79,59500,9.79
2014-05-29,9.55,9.72,9.55,9.70,55000,9.70
2014-05-28,9.38,9.76,9.38,9.67,79100,9.67
2014-05-27,9.29,9.41,9.23,9.40,68800,9.40
2014-05-23,9.18,9.22,9.14,9.20,97300,9.20
2014-05-22,9.03,9.17,9.01,9.15,73400,9.15
2014-05-21,9.00,9.03,8.87,8.99,39100,8.99
2014-05-20,9.06,9.08,8.81,8.99,67900,8.99
2014-05-19,9.00,9.05,9.00,9.05,37600,9.05
2014-05-16,9.08,9.09,8.99,9.05,70500,9.05
2014-05-15,9.01,9.08,8.87,9.08,59200,9.08
2014-05-14,9.09,9.09,8.86,9.08,42900,9.08
2014-05-13,9.09,9.10,9.04,9.07,46700,9.07
2014-05-12,8.81,9.15,8.81,9.09,118500,9.09
2014-05-09,8.55,8.85,8.55,8.82,32700,8.82
2014-05-08,8.40,8.63,8.40,8.54,47800,8.54
2014-05-07,8.39,8.44,8.36,8.39,37200,8.39
2014-05-06,8.40,8.43,8.23,8.33,43400,8.33
2014-05-05,8.40,8.71,8.35,8.45,38400,8.45
2014-05-02,8.43,8.73,8.35,8.40,56900,8.40
2014-05-01,8.40,8.46,8.33,8.39,73400,8.39
2014-04-30,8.45,8.50,8.37,8.40,43400,8.40
2014-04-29,8.46,8.50,8.41,8.48,40200,8.48
2014-04-28,8.47,8.47,8.37,8.40,46200,8.40
2014-04-25,8.40,8.47,8.40,8.41,37700,8.41
2014-04-24,8.39,8.44,8.37,8.39,28300,8.39
2014-04-23,8.35,8.45,8.33,8.37,58300,8.37
2014-04-22,8.18,8.51,8.18,8.44,51100,8.44
2014-04-21,8.08,8.14,8.05,8.14,44200,8.14
2014-04-17,8.07,8.13,8.07,8.07,57600,8.07
2014-04-16,8.20,8.20,8.07,8.07,23900,8.07
2014-04-15,8.12,8.16,8.05,8.12,28900,8.12
2014-04-14,8.10,8.12,8.07,8.09,53700,8.09
2014-04-11,8.08,8.15,8.08,8.09,36700,8.09
2014-04-10,8.13,8.13,8.07,8.08,70400,8.08
2014-04-09,8.12,8.17,8.08,8.14,76800,8.14
2014-04-08,8.50,8.50,8.06,8.07,48200,8.07
2014-04-07,8.17,8.24,8.13,8.13,32500,8.13
2014-04-04,8.37,8.55,8.09,8.21,35300,8.21
2014-04-03,8.39,8.54,8.20,8.32,35600,8.32
2014-04-02,8.35,8.45,8.34,8.42,18500,8.42
2014-04-01,8.29,8.43,8.25,8.34,19600,8.34
2014-03-31,8.22,8.37,8.16,8.31,57300,8.31
2014-03-28,8.26,8.59,8.15,8.20,32000,8.20
2014-03-27,8.43,8.60,8.25,8.29,36100,8.29
2014-03-26,8.60,8.75,8.39,8.39,52500,8.39
2014-03-25,8.64,8.85,8.51,8.51,74700,8.51
2014-03-24,9.01,9.14,8.57,8.58,42700,8.58
2014-03-21,8.64,9.10,8.56,9.06,93100,9.06
2014-03-20,8.73,8.83,8.62,8.64,20000,8.64
2014-03-19,8.98,8.98,8.70,8.71,33700,8.71
2014-03-18,8.95,8.95,8.82,8.85,24400,8.85
2014-03-17,8.87,8.95,8.76,8.85,85600,8.85
2014-03-14,8.68,8.88,8.62,8.87,51500,8.87
2014-03-13,8.87,8.87,8.68,8.68,55100,8.68
2014-03-12,8.52,8.98,8.49,8.79,84700,8.79
2014-03-11,8.67,8.75,8.53,8.59,12800,8.59
2014-03-10,8.64,8.74,8.63,8.70,32100,8.70
2014-03-07,8.67,8.70,8.57,8.68,87800,8.68
2014-03-06,8.66,8.67,8.54,8.62,29600,8.62
2014-03-05,8.55,8.67,8.53,8.66,13100,8.66
2014-03-04,8.60,8.68,8.51,8.59,70500,8.59
2014-03-03,8.48,8.55,8.48,8.52,15400,8.52
2014-02-28,8.58,8.58,8.46,8.47,43300,8.47
2014-02-27,8.50,8.55,8.50,8.54,11300,8.54
2014-02-26,8.54,8.62,8.51,8.53,13900,8.53
2014-02-25,8.51,8.56,8.50,8.51,14100,8.51
2014-02-24,8.49,8.63,8.49,8.53,25100,8.53
2014-02-21,8.70,8.72,8.46,8.51,76300,8.51
2014-02-20,8.73,9.00,8.69,8.70,43900,8.70
2014-02-19,8.69,8.72,8.56,8.65,137600,8.65
2014-02-18,8.59,8.93,8.59,8.69,83600,8.69
2014-02-14,8.61,8.95,8.52,8.59,18800,8.59
2014-02-13,8.44,8.63,8.43,8.59,21100,8.59
2014-02-12,8.49,8.54,8.47,8.53,29500,8.53
2014-02-11,8.54,8.55,8.48,8.50,31800,8.50
2014-02-10,8.55,8.55,8.47,8.49,55100,8.49
2014-02-07,8.54,8.57,8.46,8.55,30900,8.55
2014-02-06,8.63,8.71,8.54,8.55,27400,8.55
2014-02-05,8.63,8.66,8.56,8.60,24200,8.60
2014-02-04,8.71,8.94,8.60,8.65,37400,8.65
2014-02-03,8.69,8.76,8.55,8.65,52600,8.65
2014-01-31,8.92,8.92,8.77,8.81,38400,8.81
2014-01-30,8.90,9.15,8.82,9.04,75900,9.04
2014-01-29,8.79,8.89,8.77,8.83,49100,8.83
2014-01-28,8.89,8.93,8.85,8.86,38300,8.86
2014-01-27,9.00,9.14,8.95,8.95,61300,8.95
2014-01-24,9.09,9.25,8.86,8.95,37800,8.95
2014-01-23,9.17,9.19,9.10,9.14,79100,9.14
2014-01-22,9.16,9.16,9.13,9.15,68500,9.15
2014-01-21,9.15,9.18,9.13,9.16,117300,9.16
2014-01-17,9.11,9.15,9.10,9.13,25500,9.13
2014-01-16,9.15,9.16,9.10,9.13,37600,9.13
2014-01-15,9.11,9.14,9.08,9.12,44600,9.12
2014-01-14,9.10,9.14,9.09,9.11,82000,9.11
2014-01-13,9.09,9.15,9.02,9.07,68800,9.07
2014-01-10,9.07,9.07,9.02,9.04,61500,9.04
2014-01-09,9.09,9.09,9.01,9.04,55000,9.04
2014-01-08,9.06,9.06,8.97,9.04,43500,9.04
2014-01-07,8.96,9.07,8.96,9.04,27900,9.04
2014-01-06,9.00,9.04,8.90,8.95,176300,8.95
2014-01-03,8.90,8.97,8.86,8.96,30600,8.96
2014-01-02,8.90,9.00,8.80,8.90,21400,8.90
2013-12-31,8.91,9.06,8.86,8.89,42400,8.89
2013-12-30,8.90,9.00,8.88,8.91,48700,8.91
2013-12-27,8.87,8.94,8.84,8.90,23400,8.90
2013-12-26,8.76,8.90,8.76,8.84,18300,8.84
2013-12-24,8.94,8.94,8.74,8.80,22400,8.80
2013-12-23,8.85,8.85,8.64,8.80,87300,8.80
2013-12-20,8.85,8.95,8.72,8.87,110400,8.87
2013-12-19,8.79,9.00,8.64,8.82,143100,8.82
2013-12-18,8.82,8.99,8.67,8.82,65300,8.82
2013-12-17,9.02,9.03,8.79,8.80,10700,8.80
2013-12-16,9.00,9.10,8.91,9.02,21400,9.02
2013-12-13,8.89,9.03,8.89,9.00,21100,9.00
2013-12-12,8.80,8.91,8.64,8.85,13200,8.85
2013-12-11,8.85,9.00,8.71,8.76,28700,8.76
2013-12-10,9.03,9.06,8.90,8.92,24100,8.92
2013-12-09,9.23,9.23,9.01,9.01,18900,9.01
2013-12-06,9.34,9.34,9.18,9.27,15900,9.27
2013-12-05,9.27,9.40,9.16,9.23,9800,9.23
2013-12-04,9.33,9.38,9.26,9.29,22800,9.29
2013-12-03,9.35,9.46,9.29,9.44,20200,9.44
2013-12-02,9.52,9.52,9.37,9.40,23200,9.40
2013-11-29,9.43,9.52,9.38,9.50,22000,9.50
2013-11-27,9.36,9.41,9.36,9.37,23200,9.37
2013-11-26,9.24,9.40,9.24,9.38,38000,9.38
2013-11-25,9.10,9.24,9.08,9.23,43700,9.23
2013-11-22,9.11,9.11,9.00,9.03,45900,9.03
2013-11-21,9.11,9.11,9.07,9.08,43400,9.08
2013-11-20,9.06,9.07,9.04,9.05,77900,9.05
2013-11-19,9.07,9.11,9.02,9.05,144100,9.05
2013-11-18,9.06,9.10,9.02,9.05,19500,9.05
2013-11-15,8.98,9.09,8.86,9.04,24100,9.04
2013-11-14,9.03,9.04,8.92,9.00,20400,9.00
2013-11-13,8.94,9.02,8.94,9.01,35000,9.01
2013-11-12,9.01,9.02,8.97,8.97,4600,8.97
2013-11-11,9.01,9.02,8.98,9.02,7800,9.02
2013-11-08,8.76,9.02,8.76,9.02,18700,9.02
2013-11-07,8.80,8.90,8.80,8.80,25900,8.80
2013-11-06,8.70,8.74,8.65,8.67,82600,8.67
2013-11-05,8.50,8.73,8.50,8.69,71200,8.69
2013-11-04,8.05,8.60,8.05,8.51,18000,8.51
2013-11-01,8.50,8.81,8.27,8.51,44700,8.51
2013-10-31,8.67,8.67,8.50,8.51,18900,8.51
2013-10-30,8.64,8.71,8.59,8.59,10600,8.59
2013-10-29,8.70,8.79,8.55,8.66,15300,8.66
2013-10-28,8.73,8.74,8.65,8.66,20800,8.66
2013-10-25,8.77,8.77,8.66,8.68,6400,8.68
2013-10-24,8.51,8.80,8.51,8.72,4100,8.72
2013-10-23,8.77,8.82,8.69,8.69,13700,8.69
2013-10-22,8.71,8.90,8.71,8.82,16300,8.82
2013-10-21,8.77,8.97,8.70,8.72,11700,8.72
2013-10-18,9.06,9.06,8.57,8.80,29000,8.80
2013-10-17,8.90,9.02,8.85,8.96,42800,8.96
2013-10-16,8.86,8.98,8.65,8.91,12200,8.91
2013-10-15,8.73,8.89,8.63,8.68,24300,8.68
2013-10-14,8.69,8.85,8.66,8.76,60900,8.76
2013-10-11,8.71,8.81,8.71,8.76,19800,8.76
2013-10-10,8.69,8.85,8.68,8.73,18400,8.73
2013-10-09,8.58,8.66,8.56,8.57,10600,8.57
2013-10-08,8.59,8.59,8.52,8.52,13500,8.52
2013-10-07,8.50,8.68,8.50,8.57,11300,8.57
2013-10-04,8.50,8.53,8.50,8.52,4000,8.52
2013-10-03,8.49,8.56,8.49,8.50,24300,8.50
2013-10-02,8.80,8.80,8.52,8.53,14500,8.53
2013-10-01,8.88,8.88,8.80,8.84,11000,8.84
2013-09-30,8.83,8.90,8.82,8.87,21700,8.87
2013-09-27,8.84,8.99,8.84,8.93,5600,8.93
2013-09-26,8.84,8.96,8.84,8.91,5000,8.91
2013-09-25,8.92,9.02,8.81,8.81,24000,8.81
2013-09-24,8.98,9.00,8.93,8.94,17700,8.94
2013-09-23,9.09,9.09,8.90,8.96,32300,8.96
2013-09-20,8.97,9.02,8.88,9.00,40600,9.00
2013-09-19,8.84,8.97,8.73,8.92,34900,8.92
2013-09-18,8.80,8.84,8.72,8.79,49100,8.79
2013-09-17,8.80,9.00,8.75,8.77,68300,8.77
2013-09-16,8.65,8.78,8.61,8.76,16800,8.76
2013-09-13,8.60,8.65,8.56,8.57,4300,8.57
2013-09-12,8.60,8.60,8.49,8.55,9700,8.55
2013-09-11,8.47,8.47,8.32,8.35,23900,8.35
2013-09-10,8.47,8.49,8.37,8.49,12900,8.49
2013-09-09,8.41,8.41,8.29,8.40,8400,8.40
2013-09-06,8.38,8.42,8.33,8.35,4000,8.35
2013-09-05,8.30,8.61,8.30,8.34,6600,8.34
2013-09-04,8.52,8.52,8.25,8.25,8100,8.25
2013-09-03,8.51,8.54,8.39,8.54,5200,8.54
2013-08-30,8.65,8.65,8.26,8.43,26000,8.43
2013-08-29,8.51,9.03,8.51,8.68,10600,8.68
2013-08-28,8.60,8.66,8.18,8.55,19000,8.55
2013-08-27,8.74,8.82,8.57,8.58,18900,8.58
2013-08-26,8.74,8.91,8.71,8.81,7200,8.81
2013-08-23,8.93,8.93,8.70,8.73,11400,8.73
2013-08-22,8.64,8.97,8.64,8.93,36300,8.93
2013-08-21,8.70,8.82,8.56,8.59,5500,8.59
2013-08-20,8.56,8.75,8.56,8.71,7600,8.71
2013-08-19,8.55,8.73,8.55,8.55,20500,8.55
2013-08-16,8.55,8.65,8.55,8.57,14400,8.57
2013-08-15,8.90,9.06,8.51,8.55,20400,8.55
2013-08-14,9.05,9.05,8.95,8.96,7500,8.96
2013-08-13,9.05,9.10,8.96,8.98,50500,8.98
2013-08-12,9.41,9.41,9.02,9.05,13800,9.05
2013-08-09,9.64,9.75,9.37,9.37,20300,9.37
2013-08-08,9.69,9.69,9.58,9.69,2100,9.69
2013-08-07,9.64,9.69,9.58,9.60,5500,9.60
2013-08-06,9.55,9.69,9.50,9.64,8200,9.64
2013-08-05,9.61,9.65,9.55,9.56,4500,9.56
2013-08-02,9.65,9.74,9.52,9.68,7800,9.68
2013-08-01,9.83,9.83,9.61,9.66,7800,9.66
2013-07-31,10.03,10.03,9.73,9.77,16500,9.77
2013-07-30,9.80,10.00,9.80,9.97,13900,9.97
2013-07-29,9.74,9.81,9.71,9.72,6000,9.72
2013-07-26,9.61,9.80,9.61,9.73,4900,9.73
2013-07-25,9.69,9.77,9.57,9.70,47500,9.70
2013-07-24,9.55,9.94,9.55,9.68,22800,9.68
2013-07-23,9.51,9.53,9.41,9.52,10900,9.52
2013-07-22,9.47,9.52,9.47,9.48,18600,9.48
2013-07-19,9.50,9.52,9.47,9.50,19400,9.50
2013-07-18,9.53,9.53,9.43,9.50,25800,9.50
2013-07-17,9.55,9.55,9.46,9.47,11500,9.47
2013-07-16,9.47,9.53,9.45,9.50,31200,9.50
2013-07-15,9.50,9.54,9.48,9.50,33400,9.50
2013-07-12,9.41,9.52,9.41,9.51,8700,9.51
2013-07-11,9.48,9.48,9.36,9.44,35100,9.44
2013-07-10,9.36,9.36,9.28,9.34,26600,9.34
2013-07-09,9.30,9.34,9.15,9.34,20700,9.34
2013-07-08,9.29,9.30,9.16,9.29,7900,9.29
2013-07-05,9.29,9.29,9.02,9.29,14200,9.29
2013-07-03,9.14,9.14,9.04,9.12,3800,9.12
2013-07-02,9.28,9.28,9.11,9.17,8900,9.17
2013-07-01,9.21,9.26,9.04,9.23,45200,9.23
2013-06-28,9.15,9.15,8.91,9.14,104000,9.14
2013-06-27,9.16,9.18,9.00,9.14,19900,9.14
2013-06-26,9.06,9.10,8.91,8.96,13700,8.96
2013-06-25,9.27,9.27,9.17,9.21,24300,9.21
2013-06-24,9.20,9.22,9.03,9.15,19900,9.15
2013-06-21,9.28,9.28,9.17,9.25,56200,9.25
2013-06-20,9.09,9.26,9.09,9.23,27200,9.23
2013-06-19,9.28,9.28,9.20,9.20,32400,9.20
2013-06-18,9.34,9.34,9.05,9.25,94900,9.25
2013-06-17,9.00,9.36,8.75,9.25,132900,9.25
2013-06-14,9.16,9.16,8.88,8.89,24000,8.89
2013-06-13,9.04,9.15,8.99,9.15,9900,9.15
2013-06-12,9.03,9.05,8.99,9.01,7100,9.01
2013-06-11,9.06,9.08,8.87,8.99,12600,8.99
2013-06-10,9.04,9.25,9.00,9.14,173400,9.14
2013-06-07,9.24,9.24,9.11,9.16,7900,9.16
2013-06-06,9.08,9.17,9.08,9.17,6700,9.17
2013-06-05,9.03,9.17,9.03,9.05,7000,9.05
2013-06-04,9.30,9.30,9.10,9.22,14200,9.22
2013-06-03,9.03,9.40,9.03,9.31,42300,9.31
2013-05-31,9.12,9.24,9.05,9.09,16300,9.09
2013-05-30,9.00,9.25,9.00,9.20,4700,9.20
2013-05-29,9.22,9.22,9.10,9.10,4100,9.10
2013-05-28,9.29,9.29,8.60,9.23,102700,9.23
2013-05-24,9.05,9.17,9.01,9.14,12000,9.14
2013-05-23,9.17,9.17,9.04,9.07,17800,9.07
2013-05-22,9.21,9.24,9.08,9.23,10800,9.23
2013-05-21,9.28,9.29,9.18,9.23,4600,9.23
2013-05-20,9.16,9.30,9.12,9.30,9500,9.30
2013-05-17,9.17,9.26,9.00,9.16,17100,9.16
2013-05-16,9.17,9.17,9.10,9.11,3000,9.11
2013-05-15,9.22,9.29,9.14,9.28,9300,9.28
2013-05-14,9.13,9.24,9.13,9.22,23300,9.22
2013-05-13,9.14,9.14,9.01,9.14,19000,9.14
2013-05-10,9.14,9.20,9.06,9.19,41200,9.19
2013-05-09,9.23,9.26,9.06,9.10,13000,9.10
2013-05-08,9.24,9.24,9.12,9.21,9500,9.21
2013-05-07,9.27,9.29,9.11,9.22,16700,9.22
2013-05-06,9.18,9.25,9.10,9.23,37200,9.23
2013-05-03,9.16,9.16,9.07,9.15,28800,9.15
2013-05-02,9.00,9.06,8.94,9.05,31900,9.05
2013-05-01,9.01,9.01,8.88,8.88,63600,8.88
2013-04-30,9.05,9.08,9.00,9.05,28400,9.05
2013-04-29,9.01,9.01,8.80,8.95,24700,8.95
2013-04-26,8.92,9.15,8.84,8.95,29300,8.95
2013-04-25,9.05,9.05,8.72,8.93,12400,8.93
2013-04-24,9.06,9.09,8.94,8.99,13600,8.99
2013-04-23,9.05,9.08,9.00,9.04,29100,9.04
2013-04-22,9.02,9.04,8.94,8.97,21100,8.97
2013-04-19,8.72,9.06,8.61,8.99,129800,8.99
2013-04-18,8.76,8.84,8.65,8.70,53100,8.70
2013-04-17,8.75,8.81,8.61,8.72,25200,8.72
2013-04-16,8.94,8.95,8.52,8.85,72100,8.85
2013-04-15,8.85,8.93,8.03,8.37,40600,8.37
2013-04-12,9.03,9.04,8.83,8.93,10000,8.93
2013-04-11,8.82,8.92,8.75,8.87,13100,8.87
2013-04-10,8.75,8.88,8.67,8.81,15100,8.81
2013-04-09,8.64,8.78,8.64,8.72,18800,8.72
2013-04-08,8.48,8.80,8.40,8.79,18500,8.79
2013-04-05,8.31,8.57,8.28,8.43,12500,8.43
2013-04-04,8.38,8.47,8.27,8.47,8500,8.47
2013-04-03,8.42,8.50,8.29,8.33,15100,8.33
2013-04-02,8.81,8.81,8.35,8.38,12200,8.38
2013-04-01,8.88,8.88,8.65,8.76,10900,8.76
2013-03-28,8.99,9.04,8.88,9.00,87600,9.00
2013-03-27,8.91,9.00,8.91,8.95,3200,8.95
2013-03-26,9.04,9.04,8.91,9.00,16000,9.00
2013-03-25,9.00,9.01,8.95,8.99,11200,8.99
2013-03-22,9.02,9.03,8.73,9.01,11000,9.01
2013-03-21,8.85,9.04,8.85,8.98,16100,8.98
2013-03-20,8.98,9.05,8.84,8.93,35200,8.93
2013-03-19,8.77,9.03,8.75,8.81,16100,8.81
2013-03-18,8.62,8.78,8.36,8.72,9400,8.72
2013-03-15,9.18,9.18,8.65,8.71,99600,8.71
2013-03-14,9.17,9.19,9.01,9.19,11100,9.19
2013-03-13,9.03,9.19,9.03,9.18,10200,9.18
2013-03-12,9.09,9.17,9.00,9.16,14800,9.16
2013-03-11,9.13,9.18,9.05,9.14,17600,9.14
2013-03-08,9.26,9.26,9.00,9.17,29700,9.17
2013-03-07,9.18,9.19,9.03,9.17,25100,9.17
2013-03-06,9.15,9.17,9.01,9.15,9600,9.15
2013-03-05,9.07,9.15,9.00,9.12,24900,9.12
2013-03-04,8.96,9.08,8.96,9.05,3700,9.05
2013-03-01,8.94,9.13,8.92,9.07,9800,9.07
2013-02-28,9.04,9.09,8.93,9.06,6200,9.06
2013-02-27,9.00,9.15,9.00,9.08,15800,9.08
2013-02-26,8.98,9.10,8.92,9.00,5000,9.00
2013-02-25,9.13,9.15,8.90,8.91,28900,8.91
2013-02-22,9.15,9.15,9.00,9.11,12500,9.11
2013-02-21,8.99,9.17,8.99,9.10,17100,9.10
2013-02-20,9.05,9.06,8.97,8.99,17100,8.99
2013-02-19,9.00,9.10,8.97,9.07,13300,9.07
2013-02-15,9.11,9.11,8.99,9.01,25400,9.01
2013-02-14,9.09,9.14,9.01,9.01,5400,9.01
2013-02-13,9.12,9.24,9.06,9.13,10900,9.13
2013-02-12,9.05,9.15,9.03,9.14,10900,9.14
2013-02-11,9.09,9.09,8.97,9.08,9100,9.08
2013-02-08,9.00,9.05,8.91,9.05,19900,9.05
2013-02-07,9.05,9.07,8.94,8.97,14500,8.97
2013-02-06,8.94,9.06,8.90,9.05,20900,9.05
2013-02-05,9.00,9.01,8.96,9.01,61600,9.01
2013-02-04,9.00,9.04,8.92,8.93,30600,8.93
2013-02-01,9.00,9.05,8.94,9.00,38300,9.00
2013-01-31,8.95,9.03,8.95,8.95,45600,8.95
2013-01-30,9.02,9.04,8.93,9.01,32500,9.01
2013-01-29,8.96,9.09,8.95,9.06,84400,9.06
2013-01-28,8.92,9.04,8.85,8.96,27900,8.96
2013-01-25,9.03,9.04,8.81,8.91,29300,8.91
2013-01-24,9.00,9.17,8.85,8.97,21000,8.97
2013-01-23,9.28,9.48,8.94,8.96,44400,8.96
2013-01-22,9.26,9.26,9.06,9.26,57500,9.26
2013-01-18,9.24,9.24,9.05,9.18,27300,9.18
2013-01-17,9.19,9.27,9.08,9.27,9400,9.27
2013-01-16,9.36,9.36,9.05,9.13,19400,9.13
2013-01-15,9.18,9.36,9.17,9.36,7200,9.36
2013-01-14,9.26,9.29,9.05,9.27,16300,9.27
2013-01-11,9.26,9.32,9.09,9.32,16600,9.32
2013-01-10,9.31,9.31,9.12,9.23,8100,9.23
2013-01-09,9.28,9.30,9.14,9.25,12100,9.25
2013-01-08,9.10,9.27,9.07,9.14,6300,9.14
2013-01-07,9.26,9.34,9.01,9.08,16200,9.08
2013-01-04,9.29,9.38,9.09,9.35,11700,9.35
2013-01-03,9.57,9.57,9.19,9.26,20800,9.26
2013-01-02,9.59,9.67,9.32,9.53,65700,9.53
2012-12-31,9.23,9.40,9.23,9.39,14200,9.39
2012-12-28,9.44,9.44,9.22,9.24,10000,9.24
2012-12-27,9.54,9.54,9.41,9.47,13800,9.47
2012-12-26,9.53,9.56,9.44,9.51,10100,9.51
2012-12-24,9.56,9.58,9.52,9.52,3000,9.52
2012-12-21,9.56,9.60,9.35,9.58,110600,9.58
2012-12-20,9.71,9.71,9.28,9.53,29000,9.53
2012-12-19,9.09,9.71,9.04,9.71,20800,9.71
2012-12-18,8.41,9.40,8.38,9.28,26000,9.28
2012-12-17,8.36,8.43,8.30,8.42,14600,8.42
2012-12-14,8.22,8.34,7.86,8.29,12500,8.29
2012-12-13,8.48,8.56,8.16,8.27,9400,8.27
2012-12-12,8.35,8.59,8.35,8.45,34400,8.45
2012-12-11,8.41,8.42,8.24,8.41,14900,8.41
2012-12-10,8.34,8.39,8.20,8.38,16600,8.38
2012-12-07,8.38,8.40,8.26,8.31,6900,8.31
2012-12-06,8.28,8.31,8.11,8.29,9800,8.29
2012-12-05,8.35,8.35,8.16,8.23,8700,8.23
2012-12-04,8.30,8.31,8.07,8.29,13800,8.29
2012-12-03,8.25,8.28,8.15,8.27,8000,8.27
2012-11-30,8.20,8.22,8.12,8.16,9800,8.16
2012-11-29,8.15,8.25,8.03,8.16,10700,8.16
2012-11-28,7.81,8.09,7.74,8.07,8800,8.07
2012-11-27,7.81,7.92,7.81,7.87,7500,7.87
2012-11-26,7.81,7.95,7.80,7.93,16900,7.93
2012-11-23,7.80,7.81,7.80,7.81,5500,7.81
2012-11-21,7.82,7.82,7.67,7.76,3000,7.76
2012-11-20,7.77,7.88,7.76,7.76,5600,7.76
2012-11-19,7.81,7.88,7.76,7.81,11200,7.81
2012-11-16,7.66,7.84,7.66,7.74,21300,7.74
2012-11-15,7.67,7.80,7.67,7.72,5000,7.72
2012-11-14,7.75,7.80,7.67,7.75,26200,7.75
2012-11-13,7.90,7.90,7.71,7.74,11700,7.74
2012-11-12,7.86,7.98,7.23,7.92,4100,7.92
2012-11-09,7.71,7.90,7.54,7.85,15300,7.85
2012-11-08,7.63,7.85,7.63,7.76,42700,7.76
2012-11-07,7.95,7.95,6.71,7.57,28200,7.57
2012-11-06,7.71,7.95,7.68,7.93,15100,7.93
2012-11-05,7.77,7.87,7.66,7.69,13800,7.69
2012-11-02,7.99,7.99,7.68,7.70,24300,7.70
2012-11-01,7.61,8.04,7.39,7.97,53300,7.97
2012-10-31,7.54,7.65,7.43,7.63,10400,7.63
2012-10-26,7.56,7.56,7.46,7.52,3800,7.52
2012-10-25,7.54,7.58,7.50,7.58,4400,7.58
2012-10-24,7.62,7.62,7.47,7.50,74700,7.50
2012-10-23,7.68,7.68,7.57,7.60,6900,7.60
2012-10-22,7.78,7.80,7.68,7.73,13100,7.73
2012-10-19,7.94,7.99,7.75,7.77,18100,7.77
2012-10-18,8.28,8.30,7.95,8.02,20800,8.02
2012-10-17,8.23,8.28,8.20,8.26,8200,8.26
2012-10-16,8.27,8.29,8.20,8.23,14700,8.23
2012-10-15,8.21,8.30,8.07,8.27,10000,8.27
2012-10-12,8.24,8.24,8.21,8.21,4600,8.21
2012-10-11,8.22,8.26,8.08,8.26,4100,8.26
2012-10-10,8.20,8.20,8.03,8.14,8900,8.14
2012-10-09,8.35,8.36,7.99,8.09,20400,8.09
2012-10-08,8.37,8.41,8.34,8.37,3700,8.37
2012-10-05,8.40,8.49,8.40,8.43,8000,8.43
2012-10-04,8.28,8.39,8.22,8.39,15700,8.39
2012-10-03,8.24,8.28,8.23,8.25,8600,8.25
2012-10-02,8.25,8.25,8.15,8.23,29000,8.23
2012-10-01,8.11,8.27,8.11,8.20,19800,8.20
2012-09-28,8.11,8.23,8.00,8.14,17200,8.14
2012-09-27,8.12,8.19,8.03,8.17,15800,8.17
2012-09-26,7.99,8.09,7.99,8.08,15100,8.08
2012-09-25,8.12,8.12,7.98,7.99,63200,7.99
2012-09-24,8.01,8.12,7.99,8.09,17400,8.09
2012-09-21,8.21,8.21,8.01,8.01,78200,8.01
2012-09-20,8.12,8.15,8.04,8.08,26400,8.08
2012-09-19,8.17,8.17,8.06,8.14,20200,8.14
2012-09-18,8.14,8.14,8.11,8.13,22600,8.13
2012-09-17,8.23,8.23,8.15,8.17,24900,8.17
2012-09-14,8.22,8.26,8.13,8.24,31200,8.24
2012-09-13,8.15,8.18,8.05,8.17,29300,8.17
2012-09-12,8.02,8.13,7.95,8.13,18500,8.13
2012-09-11,8.00,8.03,8.00,8.03,12800,8.03
2012-09-10,8.04,8.05,8.00,8.02,10000,8.02
2012-09-07,8.24,8.24,7.98,8.08,52100,8.08
2012-09-06,8.18,8.32,8.06,8.19,41600,8.19
2012-09-05,8.04,8.18,7.98,8.16,37900,8.16
2012-09-04,8.00,8.04,7.90,8.01,26600,8.01
2012-08-31,8.03,8.04,7.97,7.99,7400,7.99
2012-08-30,8.05,8.09,7.94,7.96,8000,7.96
2012-08-29,8.03,8.10,8.02,8.10,4500,8.10
2012-08-28,8.04,8.08,8.00,8.05,25400,8.05
2012-08-27,8.13,8.15,8.05,8.10,10500,8.10
2012-08-24,8.02,8.07,7.98,8.07,12000,8.07
2012-08-23,7.98,8.07,7.94,8.06,20400,8.06
2012-08-22,8.06,8.11,7.29,8.07,16900,8.07
2012-08-21,8.03,8.17,8.00,8.04,23000,8.04
2012-08-20,8.05,8.18,8.01,8.09,10300,8.09
2012-08-17,7.96,8.11,7.96,8.09,161600,8.09
2012-08-16,8.01,8.03,7.88,8.01,48300,8.01
2012-08-15,7.88,7.99,7.85,7.99,16900,7.99
2012-08-14,7.98,8.02,7.90,7.93,7300,7.93
2012-08-13,8.03,8.10,7.92,7.95,26800,7.95
2012-08-10,7.92,8.11,7.83,8.02,36000,8.02
2012-08-09,7.96,7.98,7.87,7.88,65900,7.88
2012-08-08,7.92,8.09,7.90,7.96,38200,7.96
2012-08-07,8.07,8.11,7.99,8.05,59600,8.05
2012-08-06,8.13,8.19,7.99,8.03,13500,8.03
2012-08-03,8.04,8.12,8.00,8.11,109700,8.11
2012-08-02,7.93,8.00,7.93,7.95,24700,7.95
2012-08-01,8.24,8.26,7.94,7.94,79500,7.94
2012-07-31,8.07,8.28,8.07,8.25,52900,8.25
2012-07-30,8.22,8.25,8.07,8.07,7400,8.07
2012-07-27,7.92,8.22,7.80,8.19,28200,8.19
2012-07-26,7.94,7.98,7.82,7.92,10800,7.92
2012-07-25,7.81,7.90,7.78,7.85,39200,7.85
2012-07-24,7.88,7.88,7.73,7.78,35300,7.78
2012-07-23,7.87,7.98,7.77,7.83,55200,7.83
2012-07-20,7.91,8.05,7.72,7.97,29500,7.97
2012-07-19,8.02,8.05,7.96,7.98,25600,7.98
2012-07-18,7.97,8.09,7.94,8.02,26400,8.02
2012-07-17,8.02,8.02,7.95,8.01,29600,8.01
2012-07-16,8.02,8.03,7.95,7.99,14300,7.99
2012-07-13,8.00,8.10,7.95,8.08,37200,8.08
2012-07-12,8.02,8.03,7.88,8.00,44400,8.00
2012-07-11,7.94,8.11,7.91,8.09,22100,8.09
2012-07-10,8.01,8.01,7.83,7.97,57000,7.97
2012-07-09,7.88,7.98,7.67,7.93,14500,7.93
2012-07-06,7.81,8.00,7.79,7.85,11000,7.85
2012-07-05,8.01,8.12,7.79,7.87,9500,7.87
2012-07-03,7.84,8.06,7.78,8.06,12000,8.06
2012-07-02,7.84,7.89,7.71,7.89,22700,7.89
2012-06-29,7.77,7.83,7.57,7.80,36200,7.80
2012-06-28,7.76,7.76,7.48,7.57,17200,7.57
2012-06-27,7.82,7.93,7.76,7.80,12800,7.80
2012-06-26,7.79,7.88,7.75,7.79,15700,7.79
2012-06-25,7.85,7.95,7.74,7.74,19200,7.74
2012-06-22,7.79,8.11,7.66,8.00,441700,8.00
2012-06-21,8.07,8.07,7.73,7.76,19000,7.76
2012-06-20,8.13,8.13,7.93,8.00,19100,8.00
2012-06-19,7.99,8.30,7.92,8.11,23500,8.11
2012-06-18,8.13,8.29,7.73,7.93,78700,7.93
2012-06-15,7.80,8.25,7.73,8.17,47300,8.17
2012-06-14,7.64,7.88,7.56,7.82,58100,7.82
2012-06-13,7.81,7.87,7.57,7.66,57000,7.66
2012-06-12,7.67,7.82,7.55,7.81,24900,7.81
2012-06-11,7.67,7.74,7.47,7.60,38700,7.60
2012-06-08,7.51,7.74,7.50,7.60,53500,7.60
2012-06-07,7.57,7.71,7.47,7.55,25100,7.55
2012-06-06,7.24,7.50,7.08,7.50,36000,7.50
2012-06-05,7.16,7.20,7.07,7.18,19400,7.18
2012-06-04,7.16,7.24,7.08,7.23,11800,7.23
2012-06-01,7.00,7.26,7.00,7.09,31300,7.09
2012-05-31,7.21,7.26,7.08,7.12,57000,7.12
2012-05-30,7.18,7.25,7.17,7.20,17500,7.20
2012-05-29,7.30,7.30,7.21,7.23,23800,7.23
2012-05-25,7.30,7.35,7.17,7.28,18600,7.28
2012-05-24,7.27,7.32,7.08,7.28,30600,7.28
2012-05-23,7.18,7.29,7.09,7.23,18000,7.23
2012-05-22,7.44,7.44,7.11,7.22,60000,7.22
2012-05-21,7.36,7.45,7.24,7.42,22700,7.42
2012-05-18,7.42,7.62,7.20,7.34,30100,7.34
2012-05-17,7.71,7.73,7.44,7.45,38000,7.45
2012-05-16,8.19,8.19,7.64,7.71,23200,7.71
2012-05-15,8.11,8.23,8.06,8.12,25000,8.12
2012-05-14,7.93,8.17,7.93,8.08,35600,8.08
2012-05-11,7.92,8.03,7.92,8.02,63000,8.02
2012-05-10,7.91,8.04,7.85,8.02,33000,8.02
2012-05-09,7.81,7.88,7.70,7.86,33000,7.86
2012-05-08,7.72,7.90,7.66,7.86,24400,7.86
2012-05-07,7.69,7.83,7.67,7.77,21000,7.77
2012-05-04,7.69,7.77,7.65,7.70,53300,7.70
2012-05-03,7.72,7.80,7.63,7.74,33000,7.74
2012-05-02,7.53,7.79,7.53,7.77,27500,7.77
2012-05-01,7.56,7.77,7.51,7.61,35000,7.61
2012-04-30,7.65,7.65,7.50,7.52,99000,7.52
2012-04-27,7.51,7.70,7.47,7.65,38100,7.65
2012-04-26,7.60,7.65,7.41,7.54,142100,7.54
2012-04-25,7.37,7.64,7.30,7.64,18900,7.64
2012-04-24,7.19,7.33,7.19,7.29,29000,7.29
2012-04-23,7.01,7.22,6.97,7.19,28700,7.19
2012-04-20,7.14,7.29,6.96,7.14,45500,7.14
2012-04-19,7.12,7.15,6.95,7.05,27500,7.05
2012-04-18,7.05,7.13,7.02,7.10,44300,7.10
2012-04-17,7.18,7.19,7.04,7.06,19700,7.06
2012-04-16,7.17,7.38,7.05,7.15,37700,7.15
2012-04-13,7.18,7.24,7.15,7.15,24700,7.15
2012-04-12,7.21,7.30,7.14,7.19,25100,7.19
2012-04-11,7.12,7.26,7.09,7.23,28000,7.23
2012-04-10,7.19,7.19,7.00,7.08,66900,7.08
2012-04-09,7.34,7.38,7.07,7.21,33200,7.21
2012-04-05,7.58,7.60,7.45,7.46,20300,7.46
2012-04-04,7.53,7.86,7.38,7.62,38500,7.62
2012-04-03,7.50,7.67,7.41,7.63,57700,7.63
2012-04-02,7.84,7.84,7.60,7.71,27900,7.71
2012-03-30,7.96,7.96,7.77,7.89,26900,7.89
2012-03-29,7.94,7.97,7.81,7.88,20800,7.88
2012-03-28,7.85,8.09,7.85,8.03,24000,8.03
2012-03-27,7.81,7.96,7.66,7.90,27700,7.90
2012-03-26,7.77,7.99,7.61,7.79,121400,7.79
2012-03-23,7.35,7.79,7.35,7.71,22700,7.71
2012-03-22,7.31,7.41,7.29,7.37,16000,7.37
2012-03-21,7.50,7.55,7.32,7.41,27100,7.41
2012-03-20,7.36,7.56,7.28,7.47,24300,7.47
2012-03-19,7.40,7.48,7.25,7.44,28500,7.44
2012-03-16,7.40,7.40,7.20,7.39,61900,7.39
2012-03-15,7.33,7.53,7.10,7.38,29600,7.38
2012-03-14,7.14,7.40,6.94,7.30,39200,7.30
2012-03-13,7.00,7.19,6.91,7.17,23700,7.17
2012-03-12,6.86,6.96,6.76,6.91,22300,6.91
2012-03-09,6.72,6.94,6.70,6.86,24600,6.86
2012-03-08,7.16,7.16,6.68,6.70,16300,6.70
2012-03-07,6.71,6.75,6.64,6.74,26700,6.74
2012-03-06,6.66,6.72,6.65,6.71,22500,6.71
2012-03-05,6.62,6.72,6.60,6.69,15300,6.69
2012-03-02,6.69,6.85,6.57,6.62,69400,6.62
2012-03-01,6.78,6.88,6.66,6.68,23700,6.68
2012-02-29,6.81,6.81,6.72,6.75,47200,6.75
2012-02-28,6.99,6.99,6.80,6.80,33600,6.80
2012-02-27,6.92,7.01,6.88,6.95,13700,6.95
2012-02-24,7.10,7.10,6.95,6.99,23700,6.99
2012-02-23,7.00,7.12,6.85,7.11,28000,7.11
2012-02-22,7.05,7.09,6.98,7.00,22100,7.00
2012-02-21,7.03,7.09,6.94,7.08,7600,7.08
2012-02-17,6.91,7.08,6.79,6.99,16900,6.99
2012-02-16,6.69,6.90,6.67,6.87,29000,6.87
2012-02-15,6.88,6.88,6.58,6.59,27500,6.59
2012-02-14,6.90,6.99,6.75,6.83,24100,6.83
2012-02-13,6.94,7.20,6.89,6.95,26600,6.95
2012-02-10,6.92,6.98,6.76,6.84,49700,6.84
2012-02-09,7.20,7.20,6.99,6.99,47100,6.99
2012-02-08,7.10,7.17,7.03,7.16,25200,7.16
2012-02-07,7.11,7.16,7.00,7.10,24600,7.10
2012-02-06,7.71,7.71,6.87,7.11,195600,7.11
2012-02-03,7.40,7.77,7.14,7.76,52000,7.76
2012-02-02,7.08,7.36,7.02,7.25,28200,7.25
2012-02-01,7.01,7.10,6.95,7.09,56500,7.09
2012-01-31,7.02,7.05,6.90,6.95,35400,6.95
2012-01-30,7.04,7.14,6.92,6.95,29600,6.95
2012-01-27,7.05,7.15,7.05,7.09,28900,7.09
2012-01-26,7.12,7.17,7.06,7.08,110100,7.08
2012-01-25,7.11,7.17,7.04,7.09,47200,7.09
2012-01-24,7.04,7.22,7.03,7.10,45900,7.10
2012-01-23,7.10,7.11,7.00,7.07,37300,7.07
2012-01-20,6.93,7.10,6.93,7.09,21200,7.09
2012-01-19,7.05,7.08,6.85,6.96,14200,6.96
2012-01-18,6.95,7.04,6.91,7.00,21700,7.00
2012-01-17,7.03,7.07,6.82,6.98,38900,6.98
2012-01-13,6.95,7.02,6.82,6.98,30700,6.98
2012-01-12,7.01,7.09,6.88,7.04,42500,7.04
2012-01-11,6.95,7.04,6.87,6.99,39700,6.99
2012-01-10,6.99,7.03,6.92,6.95,31300,6.95
2012-01-09,6.98,7.01,6.83,6.89,53700,6.89
2012-01-06,6.99,7.03,6.96,6.96,21300,6.96
2012-01-05,6.97,7.05,6.92,6.99,66200,6.99
2012-01-04,7.30,7.35,6.98,6.99,95000,6.99
2012-01-03,7.17,7.47,7.05,7.37,62000,7.37
2011-12-30,7.07,7.11,6.96,6.99,30400,6.99
2011-12-29,7.33,7.45,7.01,7.06,73500,7.06
2011-12-28,7.58,7.65,7.20,7.33,37600,7.33
2011-12-27,7.49,7.73,7.49,7.63,22200,7.63
2011-12-23,7.68,7.68,7.51,7.54,9800,7.54
2011-12-22,7.57,7.66,7.42,7.66,24500,7.66
2011-12-21,7.58,7.71,7.49,7.55,20900,7.55
2011-12-20,7.51,7.65,7.42,7.64,47000,7.64
2011-12-19,7.63,7.69,7.31,7.35,28500,7.35
2011-12-16,7.66,7.66,7.46,7.56,57700,7.56
2011-12-15,7.79,7.89,7.47,7.60,29000,7.60
2011-12-14,7.34,7.79,7.34,7.69,29400,7.69
2011-12-13,7.74,7.74,7.33,7.42,30800,7.42
2011-12-12,7.66,7.93,7.60,7.68,14600,7.68
2011-12-09,7.67,7.87,7.60,7.79,31400,7.79
2011-12-08,7.88,7.97,7.60,7.60,56800,7.60
2011-12-07,7.94,8.05,7.80,7.91,37400,7.91
2011-12-06,8.06,8.21,7.89,8.10,56600,8.10
2011-12-05,7.76,8.07,7.59,8.06,45100,8.06
2011-12-02,7.79,7.87,7.61,7.66,24900,7.66
2011-12-01,7.90,7.90,7.66,7.66,67200,7.66
2011-11-30,8.02,8.02,7.66,7.95,88700,7.95
2011-11-29,7.79,7.80,7.53,7.69,33400,7.69
2011-11-28,7.45,7.89,7.26,7.75,47900,7.75
2011-11-25,7.44,7.63,7.18,7.19,11200,7.19
2011-11-23,7.85,7.86,7.44,7.44,30400,7.44
2011-11-22,7.97,8.10,7.83,7.92,29000,7.92
2011-11-21,7.94,8.15,7.89,7.91,28500,7.91
2011-11-18,7.98,8.12,7.85,8.10,24400,8.10
2011-11-17,8.08,8.11,7.91,7.99,25100,7.99
2011-11-16,8.00,8.10,7.84,7.87,49900,7.87
2011-11-15,7.75,8.15,7.75,8.11,15900,8.11
2011-11-14,7.97,7.97,7.68,7.80,33100,7.80
2011-11-11,7.94,8.00,7.79,7.97,20400,7.97
2011-11-10,7.78,7.99,7.78,7.85,23900,7.85
2011-11-09,7.60,7.90,7.60,7.60,42800,7.60
2011-11-08,7.88,7.94,7.75,7.83,37000,7.83
2011-11-07,7.93,7.96,7.69,7.90,40500,7.90
2011-11-04,7.96,7.96,7.80,7.93,36000,7.93
2011-11-03,7.74,8.15,7.71,8.08,67400,8.08
2011-11-02,7.47,7.72,7.40,7.66,45100,7.66
2011-11-01,7.47,7.75,7.26,7.28,39100,7.28
2011-10-31,7.95,8.06,7.76,7.76,26700,7.76
2011-10-28,8.08,8.15,7.97,8.06,40700,8.06
2011-10-27,7.82,8.13,7.62,8.13,69500,8.13
2011-10-26,7.58,7.75,7.43,7.58,42500,7.58
2011-10-25,7.60,7.67,7.35,7.43,36100,7.43
2011-10-24,7.73,7.78,7.56,7.69,39700,7.69
2011-10-21,7.88,7.88,7.62,7.72,29500,7.72
2011-10-20,7.66,7.81,7.53,7.70,24000,7.70
2011-10-19,7.64,7.85,7.49,7.61,28100,7.61
2011-10-18,7.54,7.77,7.30,7.69,41900,7.69
2011-10-17,8.02,8.02,7.35,7.44,48200,7.44
2011-10-14,8.13,8.18,7.92,8.13,25900,8.13
2011-10-13,8.03,8.15,7.89,8.05,23400,8.05
2011-10-12,8.07,8.18,7.87,8.12,44600,8.12
2011-10-11,7.98,8.05,7.80,8.03,25300,8.03
2011-10-10,7.61,8.16,7.55,8.10,30500,8.10
2011-10-07,7.79,7.79,7.39,7.45,25600,7.45
2011-10-06,7.74,7.80,7.48,7.79,29600,7.79
2011-10-05,7.63,7.85,7.40,7.74,45300,7.74
2011-10-04,6.64,7.91,6.64,7.69,59700,7.69
2011-10-03,7.32,7.41,6.63,6.66,44100,6.66
2011-09-30,7.22,7.48,7.18,7.37,60500,7.37
2011-09-29,7.17,7.39,7.09,7.34,16700,7.34
2011-09-28,7.42,7.54,6.98,6.99,35000,6.99
2011-09-27,7.24,7.45,7.23,7.40,38800,7.40
2011-09-26,6.90,7.14,6.63,7.11,38800,7.11
2011-09-23,6.79,6.95,6.79,6.90,18700,6.90
2011-09-22,6.54,6.97,6.54,6.79,39000,6.79
2011-09-21,6.94,7.15,6.67,6.70,22100,6.70
2011-09-20,6.95,7.15,6.92,6.92,20700,6.92
2011-09-19,7.05,7.16,6.95,6.98,13800,6.98
2011-09-16,7.24,7.24,7.01,7.16,49800,7.16
2011-09-15,7.18,7.18,6.99,7.18,16200,7.18
2011-09-14,7.08,7.20,6.96,7.11,32800,7.11
2011-09-13,6.91,7.07,6.84,6.99,29000,6.99
2011-09-12,6.59,7.15,6.59,6.86,39300,6.86
2011-09-09,6.67,6.80,6.57,6.66,43800,6.66
2011-09-08,6.76,6.96,6.68,6.73,29400,6.73
2011-09-07,6.78,6.86,6.68,6.79,20300,6.79
2011-09-06,6.46,6.72,6.46,6.67,33500,6.67
2011-09-02,6.62,6.90,6.62,6.67,60100,6.67
2011-09-01,6.97,7.02,6.66,6.73,176700,6.73
2011-08-31,7.17,7.17,6.64,6.94,60400,6.94
2011-08-30,7.08,7.26,7.03,7.12,38800,7.12
2011-08-29,6.73,7.30,6.73,7.25,41900,7.25
2011-08-26,6.55,6.79,6.50,6.68,32400,6.68
2011-08-25,6.71,6.93,6.55,6.59,36500,6.59
2011-08-24,6.33,6.72,6.33,6.68,37000,6.68
2011-08-23,6.40,6.74,6.32,6.68,49100,6.68
2011-08-22,6.56,6.56,6.33,6.48,45400,6.48
2011-08-19,6.46,6.65,6.46,6.52,35000,6.52
2011-08-18,6.40,6.73,6.40,6.53,64100,6.53
2011-08-17,6.68,6.73,6.53,6.60,58000,6.60
2011-08-16,6.72,6.78,6.54,6.62,25000,6.62
2011-08-15,6.87,6.90,6.70,6.78,23300,6.78
2011-08-12,6.74,6.92,6.65,6.78,16900,6.78
2011-08-11,6.48,6.76,6.39,6.70,43800,6.70
2011-08-10,6.66,7.14,6.38,6.43,42000,6.43
2011-08-09,6.66,7.10,6.37,6.93,75100,6.93
2011-08-08,6.72,6.97,6.48,6.48,55600,6.48
2011-08-05,6.83,7.04,6.56,6.92,36400,6.92
2011-08-04,7.08,7.14,6.74,6.75,37600,6.75
2011-08-03,6.97,7.20,6.86,7.18,22600,7.18
2011-08-02,7.05,7.16,6.94,6.94,26500,6.94
2011-08-01,6.85,7.28,6.70,7.09,87500,7.09
2011-07-29,6.77,7.02,6.71,6.74,29500,6.74
2011-07-28,6.85,6.96,6.75,6.87,19400,6.87
2011-07-27,6.84,6.92,6.75,6.85,51700,6.85
2011-07-26,7.04,7.07,6.93,6.93,18300,6.93
2011-07-25,7.13,7.24,7.05,7.05,16200,7.05
2011-07-22,7.31,7.37,7.19,7.20,15100,7.20
2011-07-21,7.36,7.43,7.26,7.30,49500,7.30
2011-07-20,7.74,7.74,7.29,7.30,24500,7.30
2011-07-19,7.49,7.82,7.27,7.72,39100,7.72
2011-07-18,7.55,7.68,7.34,7.39,49700,7.39
2011-07-15,7.80,7.81,7.55,7.55,74700,7.55
2011-07-14,8.06,8.26,7.76,7.76,45800,7.76
2011-07-13,8.00,8.16,7.92,8.03,47800,8.03
2011-07-12,7.69,8.05,7.56,7.92,40600,7.92
2011-07-11,7.55,7.90,7.55,7.72,55500,7.72
2011-07-08,7.78,7.88,7.61,7.66,33600,7.66
2011-07-07,7.35,7.94,7.20,7.88,51200,7.88
2011-07-06,7.23,7.36,7.10,7.28,41600,7.28
2011-07-05,7.44,7.52,7.23,7.25,92100,7.25
2011-07-01,7.85,7.85,7.38,7.46,134200,7.46
2011-06-30,7.61,7.92,7.53,7.87,45000,7.87
2011-06-29,7.44,7.58,7.44,7.57,35600,7.57
2011-06-28,7.24,7.40,7.21,7.39,52800,7.39
2011-06-27,6.96,7.44,6.80,7.24,52600,7.24
2011-06-24,6.98,7.19,6.90,6.92,280300,6.92
2011-06-23,6.87,7.06,6.82,6.96,36000,6.96
2011-06-22,7.11,7.16,6.94,6.95,398600,6.95
2011-06-21,6.95,7.32,6.86,7.28,38500,7.28
2011-06-20,7.15,7.17,6.86,6.89,41300,6.89
2011-06-17,7.31,7.51,7.11,7.18,79300,7.18
2011-06-16,6.85,7.32,6.79,7.26,104700,7.26
2011-06-15,7.08,7.16,6.82,6.84,63300,6.84
2011-06-14,7.12,7.25,7.01,7.14,41800,7.14
2011-06-13,6.84,7.07,6.79,7.04,40200,7.04
2011-06-10,7.07,7.07,6.79,6.82,56400,6.82
2011-06-09,6.92,7.12,6.74,7.08,41900,7.08
2011-06-08,6.78,6.96,6.78,6.89,18300,6.89
2011-06-07,6.81,6.86,6.73,6.81,39300,6.81
2011-06-06,6.83,6.97,6.76,6.76,54600,6.76
2011-06-03,6.95,6.95,6.84,6.84,39000,6.84
2011-06-02,7.18,7.19,7.03,7.05,26300,7.05
2011-06-01,7.13,7.19,7.12,7.14,74000,7.14
2011-05-31,7.17,7.24,7.10,7.15,76500,7.15
2011-05-27,6.94,7.10,6.93,7.10,56900,7.10
2011-05-26,6.81,6.90,6.75,6.89,26200,6.89
2011-05-25,6.74,6.83,6.69,6.83,21300,6.83
2011-05-24,6.81,6.91,6.66,6.79,61400,6.79
2011-05-23,7.12,7.12,6.80,6.80,62400,6.80
2011-05-20,7.12,7.24,6.94,7.04,50900,7.04
2011-05-19,7.05,7.11,6.94,7.09,96700,7.09
2011-05-18,6.68,7.04,6.68,7.00,61100,7.00
2011-05-17,6.56,6.77,6.52,6.65,180400,6.65
2011-05-16,6.91,6.91,6.56,6.58,403700,6.58
2011-05-13,7.15,7.19,7.01,7.05,120000,7.05
2011-05-12,7.45,7.46,7.12,7.18,71000,7.18
2011-05-11,8.07,8.07,7.45,7.47,106400,7.47
2011-05-10,8.29,8.33,8.15,8.29,26400,8.29
2011-05-09,8.31,8.40,8.25,8.35,33000,8.35
2011-05-06,8.34,8.35,8.23,8.33,30000,8.33
2011-05-05,8.16,8.34,8.16,8.25,18700,8.25
2011-05-04,8.44,8.44,8.20,8.26,21100,8.26
2011-05-03,8.35,8.50,8.34,8.41,23000,8.41
2011-05-02,8.55,8.55,8.38,8.40,22000,8.40
2011-04-29,8.55,8.62,8.45,8.55,34000,8.55
2011-04-28,8.46,8.55,8.46,8.55,9200,8.55
2011-04-27,8.62,8.64,8.41,8.44,17000,8.44
2011-04-26,8.48,8.62,8.40,8.58,17300,8.58
2011-04-25,8.52,8.71,8.47,8.50,34000,8.50
2011-04-21,8.65,8.85,8.45,8.51,65400,8.51
2011-04-20,8.55,8.64,8.54,8.64,36900,8.64
2011-04-19,8.44,8.55,8.39,8.49,42700,8.49
2011-04-18,8.40,8.55,8.36,8.40,21300,8.40
2011-04-15,8.44,8.47,8.40,8.45,33000,8.45
2011-04-14,8.36,8.54,8.30,8.46,72900,8.46
2011-04-13,8.38,8.40,8.31,8.36,34900,8.36
2011-04-12,8.29,8.43,8.23,8.32,29900,8.32
2011-04-11,8.28,8.36,8.28,8.31,51600,8.31
2011-04-08,8.23,8.26,8.11,8.23,32800,8.23
2011-04-07,8.34,8.34,8.17,8.17,37400,8.17
2011-04-06,8.14,8.30,8.13,8.26,28800,8.26
2011-04-05,8.11,8.21,8.05,8.09,87300,8.09
2011-04-04,8.39,8.39,8.06,8.07,50100,8.07
2011-04-01,8.45,8.45,8.23,8.35,19100,8.35
2011-03-31,8.19,8.42,8.16,8.38,49600,8.38
2011-03-30,8.14,8.24,8.08,8.19,21800,8.19
2011-03-29,8.10,8.16,8.05,8.14,20000,8.14
2011-03-28,8.06,8.31,8.06,8.08,48600,8.08
2011-03-25,8.18,8.28,8.04,8.06,21600,8.06
2011-03-24,8.24,8.25,8.10,8.14,62200,8.14
2011-03-23,8.31,8.34,8.20,8.21,82800,8.21
2011-03-22,8.37,8.42,8.31,8.31,23300,8.31
2011-03-21,8.44,8.46,8.30,8.36,34800,8.36
2011-03-18,8.33,8.55,8.25,8.37,96700,8.37
2011-03-17,8.73,8.73,8.15,8.28,358300,8.28
2011-03-16,8.85,8.85,8.58,8.61,64700,8.61
2011-03-15,8.53,8.90,8.51,8.86,70500,8.86
2011-03-14,8.67,8.83,8.67,8.77,32000,8.77
2011-03-11,8.75,8.82,8.67,8.77,27900,8.77
2011-03-10,8.98,8.98,8.74,8.76,22300,8.76
2011-03-09,9.05,9.12,8.96,9.06,17100,9.06
2011-03-08,8.75,9.10,8.75,9.10,23000,9.10
2011-03-07,9.04,9.04,8.84,8.85,25400,8.85
2011-03-04,8.97,9.03,8.91,9.01,11300,9.01
2011-03-03,9.07,9.07,8.94,9.04,19800,9.04
2011-03-02,9.00,9.06,8.92,9.03,60700,9.03
2011-03-01,9.00,9.07,8.97,8.99,55800,8.99
2011-02-28,9.00,9.08,8.90,9.00,44300,9.00
2011-02-25,8.63,8.95,8.44,8.95,40200,8.95
2011-02-24,8.75,8.76,8.56,8.63,57700,8.63
2011-02-23,8.83,8.88,8.69,8.77,20300,8.77
2011-02-22,8.68,8.98,8.68,8.80,62300,8.80
2011-02-18,8.72,8.83,8.72,8.80,38600,8.80
2011-02-17,8.67,8.74,8.60,8.74,11000,8.74
2011-02-16,8.60,8.72,8.51,8.72,28300,8.72
2011-02-15,8.53,8.56,8.34,8.54,24700,8.54
2011-02-14,8.53,8.61,8.38,8.58,46800,8.58
2011-02-11,8.50,8.56,8.09,8.56,52500,8.56
2011-02-10,8.57,8.57,8.50,8.52,31500,8.52
2011-02-09,8.63,8.69,8.48,8.53,43900,8.53
2011-02-08,8.51,8.71,8.50,8.69,38500,8.69
2011-02-07,8.55,8.77,8.50,8.54,25600,8.54
2011-02-04,8.64,8.64,8.47,8.53,32300,8.53
2011-02-03,8.49,8.69,8.48,8.62,42600,8.62
2011-02-02,8.58,8.58,8.00,8.52,17800,8.52
2011-02-01,8.54,8.67,8.47,8.59,29800,8.59
2011-01-31,8.54,8.56,8.42,8.49,35900,8.49
2011-01-28,8.73,8.73,8.47,8.50,68900,8.50
2011-01-27,8.74,8.84,8.61,8.76,19200,8.76
2011-01-26,8.74,8.92,8.65,8.77,33500,8.77
2011-01-25,8.55,8.79,8.51,8.77,53700,8.77
2011-01-24,8.56,8.66,8.50,8.59,55900,8.59
2011-01-21,8.71,8.71,8.50,8.51,47200,8.51
2011-01-20,8.69,8.77,8.60,8.67,18200,8.67
2011-01-19,8.97,8.97,8.65,8.70,73800,8.70
2011-01-18,8.96,8.98,8.95,8.98,28400,8.98
2011-01-14,8.92,9.04,8.90,8.98,180800,8.98
2011-01-13,9.06,9.08,9.00,9.01,23800,9.01
2011-01-12,9.18,9.18,9.01,9.06,39400,9.06
2011-01-11,9.07,9.14,8.99,9.09,81900,9.09
2011-01-10,9.11,9.11,8.99,9.05,60000,9.05
2011-01-07,9.16,9.16,8.97,9.15,34000,9.15
2011-01-06,9.18,9.23,9.09,9.11,28900,9.11
2011-01-05,9.02,9.21,8.99,9.21,24700,9.21
2011-01-04,9.24,9.24,8.95,9.01,25800,9.01
2011-01-03,9.19,9.25,9.09,9.18,21100,9.18
2010-12-31,9.06,9.11,9.00,9.10,209300,9.10
2010-12-30,9.21,9.29,9.00,9.05,136800,9.05
2010-12-29,9.19,9.26,9.19,9.22,44900,9.22
2010-12-28,9.18,9.22,9.10,9.19,44600,9.19
2010-12-27,9.18,9.29,9.15,9.19,38600,9.19
2010-12-23,9.06,9.25,9.00,9.18,62200,9.18
2010-12-22,9.30,9.30,8.88,9.03,138200,9.03
2010-12-21,9.19,9.30,9.08,9.26,14300,9.26
2010-12-20,9.30,9.30,9.12,9.12,33000,9.12
2010-12-17,9.31,9.32,9.08,9.24,46300,9.24
2010-12-16,9.14,9.37,9.12,9.32,29400,9.32
2010-12-15,9.10,9.20,9.10,9.15,18400,9.15
2010-12-14,9.08,9.15,9.02,9.07,8500,9.07
2010-12-13,9.03,9.22,8.98,9.04,22700,9.04
2010-12-10,8.98,9.05,8.74,8.98,23400,8.98
2010-12-09,9.02,9.02,8.97,8.99,26400,8.99
2010-12-08,9.03,9.08,8.93,8.98,14400,8.98
2010-12-07,9.09,9.09,8.98,9.03,31900,9.03
2010-12-06,8.94,9.04,8.87,9.01,28300,9.01
2010-12-03,8.84,9.02,8.84,8.99,16400,8.99
2010-12-02,8.82,8.94,8.73,8.91,26800,8.91
2010-12-01,8.95,8.95,8.77,8.81,22900,8.81
2010-11-30,8.62,8.98,8.62,8.78,31000,8.78
2010-11-29,8.80,8.92,8.64,8.86,24200,8.86
2010-11-26,8.92,8.98,8.85,8.85,3500,8.85
2010-11-24,8.81,9.03,8.81,8.99,25900,8.99
2010-11-23,8.70,8.80,8.62,8.74,17600,8.74
2010-11-22,8.82,8.84,8.63,8.80,27500,8.80
2010-11-19,8.85,8.98,8.70,8.89,53000,8.89
2010-11-18,8.73,9.04,8.64,8.84,93300,8.84
2010-11-17,8.65,8.69,8.58,8.64,26100,8.64
2010-11-16,8.51,8.64,8.42,8.59,77200,8.59
2010-11-15,8.54,8.69,8.46,8.60,24500,8.60
2010-11-12,8.51,8.59,8.40,8.50,54500,8.50
2010-11-11,9.26,9.26,8.61,8.61,87000,8.61
2010-11-10,9.43,9.63,9.42,9.54,16000,9.54
2010-11-09,9.62,9.62,9.24,9.47,35900,9.47
2010-11-08,8.83,9.64,8.83,9.64,29500,9.64
2010-11-05,9.45,9.50,9.37,9.47,22400,9.47
2010-11-04,9.35,9.45,9.27,9.45,30800,9.45
2010-11-03,8.84,9.30,8.83,9.29,24300,9.29
2010-11-02,9.13,9.19,8.83,9.19,42200,9.19
2010-11-01,8.88,9.02,8.80,9.00,60000,9.00
2010-10-29,8.91,9.01,8.90,8.94,31500,8.94
2010-10-28,9.09,9.09,8.87,8.96,38900,8.96
2010-10-27,9.00,9.11,8.88,8.98,27900,8.98
2010-10-26,8.93,9.24,8.93,9.12,25600,9.12
2010-10-25,8.91,9.03,8.84,9.00,30000,9.00
2010-10-22,8.90,8.94,8.76,8.86,27200,8.86
2010-10-21,8.97,9.04,8.77,8.89,56200,8.89
2010-10-20,9.00,9.07,8.88,8.90,131900,8.90
2010-10-19,8.99,9.17,8.84,8.93,79700,8.93
2010-10-18,9.04,9.23,9.01,9.12,94900,9.12
2010-10-15,9.13,9.17,8.91,8.99,155700,8.99
2010-10-14,8.82,9.33,8.80,8.99,145500,8.99
2010-10-13,8.81,8.90,8.76,8.86,88500,8.86
2010-10-12,8.72,8.89,8.62,8.78,118200,8.78
2010-10-11,8.61,8.79,8.61,8.77,146000,8.77
2010-10-08,8.64,8.72,8.60,8.64,163400,8.64
2010-10-07,9.09,9.09,8.75,8.78,32900,8.78
2010-10-06,8.87,9.07,8.86,9.05,17500,9.05
2010-10-05,8.77,9.08,8.53,9.05,44500,9.05
2010-10-04,8.56,8.70,8.55,8.66,177900,8.66
2010-10-01,8.83,8.83,8.62,8.75,37400,8.75
2010-09-30,8.91,8.94,8.66,8.74,33000,8.74
2010-09-29,8.81,8.91,8.75,8.82,20300,8.82
2010-09-28,8.70,8.90,8.60,8.86,40400,8.86
2010-09-27,8.88,8.88,8.64,8.66,18500,8.66
2010-09-24,8.69,8.96,8.59,8.91,30000,8.91
2010-09-23,8.62,8.69,8.56,8.60,22800,8.60
2010-09-22,8.80,8.80,8.57,8.69,40300,8.69
2010-09-21,8.04,8.91,8.04,8.81,24300,8.81
2010-09-20,8.63,8.90,8.54,8.84,52000,8.84
2010-09-17,8.77,8.85,8.55,8.59,71100,8.59
2010-09-16,8.74,8.74,8.59,8.65,17200,8.65
2010-09-15,8.75,8.89,8.67,8.78,17300,8.78
2010-09-14,9.04,9.04,8.78,8.81,23400,8.81
2010-09-13,8.67,9.12,8.54,9.09,52400,9.09
2010-09-10,8.79,8.80,8.56,8.61,42900,8.61
2010-09-09,8.94,8.94,8.66,8.71,39200,8.71
2010-09-08,8.75,8.87,8.65,8.84,24700,8.84
2010-09-07,9.23,9.23,8.70,8.71,48100,8.71
2010-09-03,8.74,9.35,8.69,9.32,46600,9.32
2010-09-02,8.82,8.82,8.55,8.74,43300,8.74
2010-09-01,8.46,8.92,8.29,8.88,79900,8.88
2010-08-31,8.55,8.55,8.30,8.34,109600,8.34
2010-08-30,8.58,8.66,8.43,8.58,51500,8.58
2010-08-27,8.40,8.66,8.28,8.66,37200,8.66
2010-08-26,8.34,8.35,8.17,8.29,34900,8.29
2010-08-25,8.21,8.34,8.15,8.34,50200,8.34
2010-08-24,8.11,8.30,8.00,8.25,53200,8.25
2010-08-23,8.52,8.53,8.20,8.25,97800,8.25
2010-08-20,8.29,8.54,8.29,8.51,82400,8.51
2010-08-19,8.70,8.70,8.31,8.35,110500,8.35
2010-08-18,8.63,8.99,8.62,8.76,125500,8.76
2010-08-17,9.54,9.54,8.57,8.76,126100,8.76
2010-08-16,9.20,9.54,9.20,9.48,41800,9.48
2010-08-13,9.18,9.46,8.90,9.29,64700,9.29
2010-08-12,9.10,9.42,9.10,9.18,46200,9.18
2010-08-11,9.49,9.69,9.20,9.23,50200,9.23
2010-08-10,9.75,9.83,9.63,9.63,50100,9.63
2010-08-09,10.07,10.07,9.85,9.88,13400,9.88
2010-08-06,9.88,10.09,9.87,10.00,18400,10.00
2010-08-05,9.98,10.14,9.86,10.01,36100,10.01
2010-08-04,10.05,10.13,9.91,10.04,19600,10.04
2010-08-03,10.00,10.21,9.93,10.00,20200,10.00
2010-08-02,10.26,10.26,9.82,10.03,45800,10.03
2010-07-30,10.12,10.29,10.12,10.14,19300,10.14
2010-07-29,10.20,10.33,9.95,10.27,19700,10.27
2010-07-28,10.19,10.38,10.05,10.10,36200,10.10
2010-07-27,10.30,10.54,10.24,10.25,24900,10.25
2010-07-26,9.98,10.33,9.74,10.27,115800,10.27
2010-07-23,9.90,10.10,9.83,9.99,50800,9.99
2010-07-22,9.83,10.05,9.82,9.97,57400,9.97
2010-07-21,9.74,9.99,9.67,9.71,52800,9.71
2010-07-20,9.25,9.71,9.24,9.71,90900,9.71
2010-07-19,9.93,10.00,9.24,9.37,110700,9.37
2010-07-16,10.40,10.40,9.89,9.91,58900,9.91
2010-07-15,11.00,11.00,9.74,10.49,279800,10.49
2010-07-14,10.94,11.05,10.76,10.96,60200,10.96
2010-07-13,10.18,10.97,10.10,10.94,74900,10.94
2010-07-12,10.15,10.15,9.77,10.03,40700,10.03
2010-07-09,10.13,10.27,10.13,10.23,20300,10.23
2010-07-08,9.87,10.20,9.77,10.18,59300,10.18
2010-07-07,9.68,9.84,9.64,9.82,80900,9.82
2010-07-06,10.01,10.18,9.65,9.67,44300,9.67
2010-07-02,9.94,10.04,9.76,9.92,42600,9.92
2010-07-01,10.02,10.13,9.75,9.85,63600,9.85
2010-06-30,10.43,10.43,9.88,9.95,80800,9.95
2010-06-29,10.76,10.84,10.37,10.40,65000,10.40
2010-06-28,11.00,11.12,10.75,10.94,70700,10.94
2010-06-25,10.76,11.15,10.68,11.11,693200,11.11
2010-06-24,10.67,10.84,10.59,10.69,32400,10.69
2010-06-23,10.76,10.92,10.62,10.76,28000,10.76
2010-06-22,10.80,11.03,10.75,10.82,46600,10.82
2010-06-21,10.95,10.99,10.77,10.79,34700,10.79
2010-06-18,10.94,11.05,10.83,10.86,67200,10.86
2010-06-17,10.82,11.24,10.78,10.88,49700,10.88
2010-06-16,10.90,10.95,10.71,10.72,44100,10.72
2010-06-15,10.79,11.04,10.63,10.93,52200,10.93
2010-06-14,10.66,10.78,10.52,10.77,49300,10.77
2010-06-11,10.12,10.62,10.07,10.62,36800,10.62
2010-06-10,9.75,10.21,9.60,10.18,49900,10.18
2010-06-09,9.80,10.02,9.59,9.64,56100,9.64
2010-06-08,9.99,9.99,9.37,9.70,58900,9.70
2010-06-07,9.98,10.02,9.68,9.97,49700,9.97
2010-06-04,10.37,10.45,9.92,9.97,94100,9.97
2010-06-03,10.35,10.60,10.24,10.55,42600,10.55
2010-06-02,9.54,10.34,9.54,10.33,45000,10.33
2010-06-01,10.06,10.29,9.75,10.01,71100,10.01
2010-05-28,10.40,10.40,10.17,10.17,52200,10.17
2010-05-27,9.88,10.47,9.88,10.44,64000,10.44
2010-05-26,9.78,10.06,9.64,9.68,72600,9.68
2010-05-25,9.49,9.79,9.37,9.76,49600,9.76
2010-05-24,9.98,10.05,9.61,9.68,136200,9.68
2010-05-21,10.19,10.20,9.44,10.17,148100,10.17
2010-05-20,10.47,10.55,10.19,10.34,109300,10.34
2010-05-19,10.86,10.94,10.34,10.67,109700,10.67
2010-05-18,11.20,11.28,10.95,10.96,101200,10.96
2010-05-17,11.30,11.53,10.81,11.09,102500,11.09
2010-05-14,11.85,11.86,11.00,11.24,107500,11.24
2010-05-13,11.55,11.89,10.81,11.69,102600,11.69
2010-05-12,11.26,11.77,11.13,11.55,82300,11.55
2010-05-11,10.81,11.34,10.47,11.26,132800,11.26
2010-05-10,10.61,10.88,10.51,10.83,175900,10.83
2010-05-07,10.75,10.85,10.19,10.19,173300,10.19
2010-05-06,11.34,11.36,10.66,10.67,173700,10.67
2010-05-05,11.60,11.81,11.45,11.45,51000,11.45
2010-05-04,11.82,11.85,11.61,11.67,78700,11.67
2010-05-03,11.80,11.94,11.71,11.82,67900,11.82
2010-04-30,11.93,11.98,11.71,11.71,118900,11.71
2010-04-29,11.80,11.90,11.69,11.86,57600,11.86
2010-04-28,11.42,11.97,11.42,11.70,82700,11.70
2010-04-27,11.64,11.72,11.25,11.25,120400,11.25
2010-04-26,11.49,11.98,11.49,11.73,115800,11.73
2010-04-23,11.04,11.45,11.02,11.36,116700,11.36
2010-04-22,11.10,11.28,11.03,11.09,80500,11.09
2010-04-21,11.14,11.16,11.05,11.10,126100,11.10
2010-04-20,11.06,11.14,10.97,11.14,117500,11.14
2010-04-19,10.75,11.14,10.69,11.00,237500,11.00
2010-04-16,10.00,10.45,10.00,10.23,82600,10.23
2010-04-15,10.02,10.02,9.89,10.02,82100,10.02
2010-04-14,9.88,10.07,9.73,10.01,99100,10.01
2010-04-13,9.61,10.01,9.56,10.01,76600,10.01
2010-04-12,9.69,9.87,9.45,9.59,113100,9.59
2010-04-09,9.48,9.69,9.35,9.69,37500,9.69
2010-04-08,9.49,9.52,9.43,9.51,23800,9.51
2010-04-07,9.45,9.60,9.37,9.54,34000,9.54
2010-04-06,9.50,9.60,9.45,9.51,33100,9.51
2010-04-05,9.22,9.65,9.22,9.49,115000,9.49
2010-04-01,9.04,9.15,8.86,9.12,57700,9.12
2010-03-31,8.98,9.09,8.97,9.00,55800,9.00
2010-03-30,9.40,9.45,9.01,9.02,45500,9.02
2010-03-29,8.77,9.33,8.73,9.27,49800,9.27
2010-03-26,8.73,8.86,8.60,8.69,32000,8.69
2010-03-25,8.54,8.84,8.46,8.47,72100,8.47
2010-03-24,8.16,8.22,8.13,8.14,33600,8.14
2010-03-23,8.13,8.45,8.04,8.17,94400,8.17
2010-03-22,8.05,8.16,8.05,8.16,65500,8.16
2010-03-19,8.13,8.15,8.02,8.12,114700,8.12
2010-03-18,8.13,8.17,8.07,8.08,25800,8.08
2010-03-17,8.11,8.16,8.06,8.10,15300,8.10
2010-03-16,8.10,8.14,8.08,8.12,30600,8.12
2010-03-15,8.10,8.12,8.03,8.10,37000,8.10
2010-03-12,8.10,8.13,8.07,8.09,40600,8.09
2010-03-11,8.09,8.15,8.09,8.13,23500,8.13
2010-03-10,8.11,8.14,8.04,8.14,25900,8.14
2010-03-09,8.03,8.12,8.02,8.12,103300,8.12
2010-03-08,8.08,8.16,8.02,8.07,77500,8.07
2010-03-05,8.11,8.11,8.06,8.08,25700,8.08
2010-03-04,8.10,8.11,8.00,8.10,21800,8.10
2010-03-03,8.06,8.12,7.99,8.07,34900,8.07
2010-03-02,8.00,8.09,7.96,8.06,30500,8.06
2010-03-01,7.97,8.02,7.89,8.00,45500,8.00
2010-02-26,8.04,8.04,7.95,7.95,26800,7.95
2010-02-25,7.84,8.03,7.84,8.03,74000,8.03
2010-02-24,7.90,8.03,7.87,7.93,52100,7.93
2010-02-23,7.95,7.98,7.85,7.91,36100,7.91
2010-02-22,7.88,7.94,7.87,7.94,26900,7.94
2010-02-19,7.80,7.88,7.68,7.81,103000,7.81
2010-02-18,7.69,7.79,7.66,7.79,32400,7.79
2010-02-17,7.71,7.71,7.59,7.70,19700,7.70
2010-02-16,7.69,7.70,7.62,7.69,22300,7.69
2010-02-12,7.51,7.66,7.40,7.63,40500,7.63
2010-02-11,7.46,7.54,7.41,7.53,26400,7.53
2010-02-10,7.42,7.51,7.36,7.48,25000,7.48
2010-02-09,7.49,7.49,7.42,7.46,7700,7.46
2010-02-08,7.62,7.62,7.37,7.41,38100,7.41
2010-02-05,7.59,7.61,7.51,7.60,28400,7.60
2010-02-04,7.64,7.70,7.52,7.53,50600,7.53
2010-02-03,7.71,7.71,7.60,7.64,15500,7.64
2010-02-02,7.88,7.89,7.72,7.75,103200,7.75
2010-02-01,7.85,7.89,7.80,7.81,31600,7.81
2010-01-29,7.86,7.87,7.80,7.85,34500,7.85
2010-01-28,7.83,7.85,7.79,7.82,105900,7.82
2010-01-27,7.79,7.88,7.78,7.80,117200,7.80
2010-01-26,7.76,7.84,7.69,7.79,116800,7.79
2010-01-25,7.80,7.91,7.77,7.80,96600,7.80
2010-01-22,7.72,7.75,7.68,7.75,34200,7.75
2010-01-21,7.73,7.80,7.68,7.70,31300,7.70
2010-01-20,7.76,7.77,7.66,7.70,27900,7.70
2010-01-19,7.68,7.93,7.65,7.83,50600,7.83
2010-01-15,7.94,7.96,7.69,7.69,37800,7.69
2010-01-14,7.82,8.07,7.82,7.92,33600,7.92
2010-01-13,7.74,8.05,7.55,7.82,59000,7.82
2010-01-12,7.64,7.70,7.57,7.70,118600,7.70
2010-01-11,7.78,7.89,7.57,7.70,30400,7.70
2010-01-08,7.74,7.82,7.69,7.77,21700,7.77
2010-01-07,7.71,7.94,7.64,7.78,51600,7.78
2010-01-06,7.89,7.96,7.70,7.71,19900,7.71
2010-01-05,7.90,7.97,7.90,7.92,22900,7.92
2010-01-04,8.05,8.25,7.83,7.96,103800,7.96
2009-12-31,8.13,8.16,7.94,7.96,46700,7.96
2009-12-30,8.08,8.19,8.05,8.17,45400,8.17
2009-12-29,8.10,8.15,8.10,8.14,8300,8.14
2009-12-28,7.86,8.06,7.79,8.06,26800,8.06
2009-12-24,8.06,8.10,8.00,8.03,3000,8.03
2009-12-23,8.06,8.10,8.00,8.07,6400,8.07
2009-12-22,8.05,8.11,7.77,8.00,54900,8.00
2009-12-21,8.15,8.24,8.01,8.07,22800,8.07
2009-12-18,8.07,8.12,7.25,8.09,75200,8.09
2009-12-17,8.05,8.17,8.00,8.01,12400,8.01
2009-12-16,8.00,8.17,8.00,8.08,30700,8.08
2009-12-15,8.04,8.09,7.85,7.97,31700,7.97
2009-12-14,8.14,8.14,7.94,8.06,20400,8.06
2009-12-11,8.01,8.19,7.99,8.13,25000,8.13
2009-12-10,8.21,8.21,8.00,8.02,41600,8.02
2009-12-09,8.02,8.30,7.83,8.20,75300,8.20
2009-12-08,7.91,8.05,7.90,8.02,46300,8.02
2009-12-07,7.85,7.96,7.83,7.96,24700,7.96
2009-12-04,7.76,7.88,7.59,7.87,23800,7.87
2009-12-03,7.76,7.81,7.60,7.65,109800,7.65
2009-12-02,7.75,7.77,7.72,7.76,25200,7.76
2009-12-01,7.80,7.81,7.68,7.77,22600,7.77
2009-11-30,7.42,7.79,7.42,7.69,95000,7.69
2009-11-27,7.55,7.61,7.44,7.44,20700,7.44
2009-11-25,7.91,7.93,7.71,7.73,25500,7.73
2009-11-24,7.92,8.08,7.82,7.93,51400,7.93
2009-11-23,7.85,7.95,7.84,7.92,86600,7.92
2009-11-20,7.79,7.92,7.76,7.85,109000,7.85
2009-11-19,7.82,7.97,7.74,7.85,95100,7.85
2009-11-18,7.79,8.03,7.79,7.85,252400,7.85
2009-11-17,7.71,7.74,7.44,7.74,53900,7.74
2009-11-16,7.59,7.82,7.44,7.71,303000,7.71
2009-11-13,7.84,7.85,7.42,7.53,76700,7.53
2009-11-12,7.75,7.91,7.75,7.85,47600,7.85
2009-11-11,7.92,8.02,7.75,8.01,116300,8.01
2009-11-10,7.97,7.97,7.72,7.88,28300,7.88
2009-11-09,7.80,7.84,7.70,7.82,28100,7.82
2009-11-06,7.63,7.93,7.47,7.73,35900,7.73
2009-11-05,7.39,7.70,7.24,7.70,42700,7.70
2009-11-04,7.62,7.89,7.34,7.37,37300,7.37
2009-11-03,6.93,7.58,6.93,7.58,31900,7.58
2009-11-02,7.66,7.73,7.56,7.61,29400,7.61
2009-10-30,7.93,7.98,7.62,7.67,57600,7.67
2009-10-29,8.10,8.11,7.72,8.00,97000,8.00
2009-10-28,8.29,8.29,7.89,8.03,120700,8.03
2009-10-27,8.35,8.41,8.22,8.24,78000,8.24
2009-10-26,8.25,8.42,8.21,8.23,95900,8.23
2009-10-23,8.35,8.51,8.11,8.23,64600,8.23
2009-10-22,8.23,8.44,8.11,8.33,45300,8.33
2009-10-21,8.34,8.75,8.21,8.25,56900,8.25
2009-10-20,8.48,8.50,8.30,8.32,50100,8.32
2009-10-19,8.46,8.50,8.29,8.45,35300,8.45
2009-10-16,8.31,8.55,8.30,8.42,57900,8.42
2009-10-15,8.18,8.47,8.18,8.38,27800,8.38
2009-10-14,8.38,8.49,8.29,8.41,40600,8.41
2009-10-13,8.24,8.32,8.20,8.28,16000,8.28
2009-10-12,8.32,8.47,8.25,8.35,28900,8.35
2009-10-09,8.25,8.34,8.17,8.31,28600,8.31
2009-10-08,8.35,8.39,8.22,8.26,63000,8.26
2009-10-07,8.31,8.35,8.20,8.29,30900,8.29
2009-10-06,8.25,8.44,8.11,8.21,43500,8.21
2009-10-05,8.20,8.36,8.12,8.19,33100,8.19
2009-10-02,7.92,8.18,7.49,8.18,64100,8.18
2009-10-01,8.05,8.16,7.95,8.00,120200,8.00
2009-09-30,8.38,8.43,8.05,8.05,71700,8.05
2009-09-29,8.10,8.43,8.10,8.41,42600,8.41
2009-09-28,8.27,8.33,7.96,8.18,172900,8.18
2009-09-25,8.11,8.19,8.05,8.15,85300,8.15
2009-09-24,8.22,8.22,7.99,8.10,32300,8.10
2009-09-23,8.20,8.34,8.19,8.22,38200,8.22
2009-09-22,8.16,8.16,8.09,8.13,40500,8.13
2009-09-21,8.06,8.14,8.05,8.10,45700,8.10
2009-09-18,8.14,8.21,8.05,8.12,70400,8.12
2009-09-17,8.16,8.18,8.05,8.14,49900,8.14
2009-09-16,8.41,8.44,8.02,8.16,55600,8.16
2009-09-15,8.08,8.45,8.08,8.37,48600,8.37
2009-09-14,7.98,8.20,7.88,8.07,75600,8.07
2009-09-11,8.17,8.20,7.88,8.04,42800,8.04
2009-09-10,7.63,8.25,7.54,8.24,132500,8.24
2009-09-09,7.52,7.69,7.47,7.61,117200,7.61
2009-09-08,7.25,7.55,7.14,7.54,152000,7.54
2009-09-04,6.90,7.15,6.84,7.10,36400,7.10
2009-09-03,7.06,7.07,6.88,6.89,114000,6.89
2009-09-02,7.04,7.06,6.96,6.99,37100,6.99
2009-09-01,7.30,7.40,7.08,7.08,47000,7.08
2009-08-31,7.30,7.39,7.30,7.30,74300,7.30
2009-08-28,7.36,7.40,7.33,7.38,45700,7.38
2009-08-27,7.23,7.31,7.20,7.29,33800,7.29
2009-08-26,7.28,7.36,7.14,7.24,41800,7.24
2009-08-25,7.31,7.40,7.25,7.35,34800,7.35
2009-08-24,7.38,7.43,6.99,7.31,103800,7.31
2009-08-21,7.20,7.39,7.20,7.28,45000,7.28
2009-08-20,7.19,7.19,7.07,7.17,52400,7.17
2009-08-19,6.90,7.18,6.89,7.17,168600,7.17
2009-08-18,6.89,7.00,6.89,6.95,251600,6.95
2009-08-17,6.90,7.00,6.86,6.90,128800,6.90
2009-08-14,6.91,7.06,6.87,7.02,265500,7.02
2009-08-13,6.97,7.00,6.87,6.95,72100,6.95
2009-08-12,6.97,7.00,6.77,6.92,53700,6.92
2009-08-11,6.87,7.06,6.87,6.94,606100,6.94
2009-08-10,6.63,6.92,6.63,6.87,57100,6.87
2009-08-07,6.73,6.87,6.61,6.69,258300,6.69
2009-08-06,6.71,6.75,6.56,6.65,25300,6.65
2009-08-05,6.65,6.84,6.56,6.66,37400,6.66
2009-08-04,6.63,6.75,6.63,6.71,41800,6.71
2009-08-03,6.64,6.76,6.60,6.69,26800,6.69
2009-07-31,6.55,6.83,6.55,6.58,130100,6.58
2009-07-30,6.78,6.79,6.62,6.70,47600,6.70
2009-07-29,6.75,6.75,6.60,6.64,14900,6.64
2009-07-28,6.90,6.90,6.62,6.78,28400,6.78
2009-07-27,6.75,6.85,6.61,6.71,51000,6.71
2009-07-24,6.74,6.80,6.58,6.75,68000,6.75
2009-07-23,6.89,7.04,6.68,6.80,536900,6.80
2009-07-22,6.75,7.01,6.75,6.94,125700,6.94
2009-07-21,7.01,7.02,6.95,7.01,38200,7.01
2009-07-20,7.10,7.10,6.93,6.98,69200,6.98
2009-07-17,6.97,7.02,6.97,7.00,47500,7.00
2009-07-16,7.02,7.03,6.93,7.02,77900,7.02
2009-07-15,7.02,7.06,6.87,7.06,114200,7.06
2009-07-14,7.15,7.15,6.97,7.02,59400,7.02
2009-07-13,7.02,7.34,6.94,7.00,84000,7.00
2009-07-10,7.12,7.42,6.90,7.02,86200,7.02
2009-07-09,7.26,7.82,7.12,7.13,49900,7.13
2009-07-08,7.54,7.82,7.03,7.21,107300,7.21
2009-07-07,7.91,7.91,7.48,7.50,153400,7.50
2009-07-06,7.50,7.92,7.50,7.88,37000,7.88
2009-07-02,7.89,7.89,7.50,7.50,67100,7.50
2009-07-01,7.21,8.12,7.21,7.95,142000,7.95
2009-06-30,6.96,7.30,6.90,7.15,137000,7.15
2009-06-29,7.17,7.17,6.88,6.89,59500,6.89
2009-06-26,7.25,7.33,7.12,7.20,672800,7.20
2009-06-25,7.00,7.49,6.82,7.25,130500,7.25
2009-06-24,6.90,7.10,6.90,7.06,64700,7.06
2009-06-23,6.88,7.03,6.86,6.86,29200,6.86
2009-06-22,6.89,7.02,6.77,6.83,53900,6.83
2009-06-19,7.01,7.08,6.90,6.90,40600,6.90
2009-06-18,6.93,6.98,6.87,6.94,18500,6.94
2009-06-17,6.83,7.01,6.83,6.96,25600,6.96
2009-06-16,7.05,7.05,6.87,6.89,9300,6.89
2009-06-15,6.85,7.05,6.85,7.03,26500,7.03
2009-06-12,6.79,7.00,6.75,6.95,20700,6.95
2009-06-11,6.72,6.98,6.72,6.80,22400,6.80
2009-06-10,6.81,6.83,6.63,6.69,69100,6.69
2009-06-09,6.87,6.89,6.77,6.79,16000,6.79
2009-06-08,6.96,7.00,6.76,6.86,26300,6.86
2009-06-05,6.98,7.00,6.86,6.98,24900,6.98
2009-06-04,6.86,7.00,6.83,6.93,49400,6.93
2009-06-03,6.97,6.97,6.83,6.88,15600,6.88
2009-06-02,7.02,7.04,6.89,7.00,23200,7.00
2009-06-01,6.97,7.13,6.90,6.99,36500,6.99
2009-05-29,6.90,7.11,6.90,6.96,44700,6.96
2009-05-28,6.87,7.09,6.80,6.86,41600,6.86
2009-05-27,7.00,7.05,6.82,6.82,24700,6.82
2009-05-26,6.82,7.03,6.82,7.00,28900,7.00
2009-05-22,6.99,6.99,6.81,6.82,18000,6.82
2009-05-21,6.81,7.01,6.76,6.97,28800,6.97
2009-05-20,7.14,7.14,6.82,6.87,87700,6.87
2009-05-19,6.86,7.14,6.84,7.08,86900,7.08
2009-05-18,6.64,6.87,6.64,6.87,398700,6.87
2009-05-15,6.81,6.81,6.55,6.55,33800,6.55
2009-05-14,6.54,6.83,6.50,6.79,27900,6.79
2009-05-13,6.64,6.76,6.49,6.50,73400,6.50
2009-05-12,6.89,6.89,6.66,6.75,22900,6.75
2009-05-11,6.83,6.88,6.66,6.88,25600,6.88
2009-05-08,6.82,6.95,6.73,6.89,51500,6.89
2009-05-07,6.73,6.82,6.60,6.74,223700,6.74
2009-05-06,6.54,6.81,6.50,6.62,819700,6.62
2009-05-05,6.65,6.65,6.51,6.59,22200,6.59
2009-05-04,6.64,6.65,6.52,6.65,29300,6.65
2009-05-01,6.70,6.70,6.50,6.60,17000,6.60
2009-04-30,6.75,6.75,6.68,6.72,77400,6.72
2009-04-29,6.82,6.85,6.72,6.76,51200,6.76
2009-04-28,6.79,6.89,6.74,6.86,37600,6.86
2009-04-27,6.93,7.00,6.80,6.85,32900,6.85
2009-04-24,7.00,7.00,6.88,6.99,40200,6.99
2009-04-23,6.93,7.03,6.86,7.00,66100,7.00
2009-04-22,6.84,6.95,6.79,6.91,156500,6.91
2009-04-21,6.85,6.93,6.81,6.90,91300,6.90
2009-04-20,6.83,6.97,6.79,6.80,76400,6.80
2009-04-17,6.97,6.99,6.76,6.82,67900,6.82
2009-04-16,6.89,7.00,6.79,7.00,32000,7.00
2009-04-15,6.75,6.96,6.66,6.96,106900,6.96
2009-04-14,6.75,6.82,6.47,6.80,124800,6.80
2009-04-13,6.73,7.07,6.64,6.80,60600,6.80
2009-04-09,6.79,6.80,6.50,6.80,51400,6.80
2009-04-08,6.67,6.81,6.62,6.77,45700,6.77
2009-04-07,6.72,6.80,6.51,6.65,46100,6.65
2009-04-06,6.88,6.88,6.65,6.79,36700,6.79
2009-04-03,6.76,6.84,6.61,6.80,87800,6.80
2009-04-02,6.66,6.80,6.46,6.80,330800,6.80
2009-04-01,6.88,6.90,6.45,6.61,32600,6.61
2009-03-31,7.00,7.37,6.82,6.93,35300,6.93
2009-03-30,6.90,7.01,6.77,6.93,30900,6.93
2009-03-27,7.61,7.65,6.89,6.99,26000,6.99
2009-03-26,7.58,7.79,7.58,7.72,28000,7.72
2009-03-25,7.28,8.14,6.96,7.48,30400,7.48
2009-03-24,8.01,8.23,7.25,7.57,211900,7.57
2009-03-23,8.06,8.30,7.89,8.10,46600,8.10
2009-03-20,7.78,7.94,7.25,7.92,41200,7.92
2009-03-19,7.76,7.77,7.55,7.73,18300,7.73
2009-03-18,7.19,7.74,7.05,7.72,35200,7.72
2009-03-17,7.22,7.50,7.10,7.50,25400,7.50
2009-03-16,6.29,7.45,6.29,7.29,34900,7.29
2009-03-13,6.65,7.10,6.43,7.08,16900,7.08
2009-03-12,6.17,6.69,6.05,6.67,24100,6.67
2009-03-11,6.50,6.67,6.13,6.17,24000,6.17
2009-03-10,6.17,6.62,6.06,6.44,26100,6.44
2009-03-09,6.48,6.69,5.98,6.06,45300,6.06
2009-03-06,6.63,7.16,6.42,6.50,15100,6.50
2009-03-05,6.85,6.88,6.60,6.60,29500,6.60
2009-03-04,6.90,7.01,6.80,6.87,38000,6.87
2009-03-03,6.89,6.99,6.82,6.82,77700,6.82
2009-03-02,6.82,7.04,6.81,6.84,19000,6.84
2009-02-27,6.89,7.08,6.85,6.85,16400,6.85
2009-02-26,6.94,7.25,6.87,6.90,35600,6.90
2009-02-25,7.14,7.14,6.85,6.85,22300,6.85
2009-02-24,6.94,7.11,6.91,7.07,23000,7.07
2009-02-23,7.07,7.19,6.91,6.94,26400,6.94
2009-02-20,7.06,7.14,6.94,7.05,21000,7.05
2009-02-19,7.09,7.30,7.01,7.04,23300,7.04
2009-02-18,7.01,7.19,6.93,7.01,22600,7.01
2009-02-17,7.10,7.25,6.99,6.99,14700,6.99
2009-02-13,7.28,7.58,7.09,7.25,11600,7.25
2009-02-12,7.22,7.60,7.04,7.25,22700,7.25
2009-02-11,7.08,7.42,7.08,7.31,14600,7.31
2009-02-10,7.30,7.54,7.25,7.30,29600,7.30
2009-02-09,7.48,7.68,7.26,7.38,14300,7.38
2009-02-06,7.12,7.53,7.11,7.52,22800,7.52
2009-02-05,7.22,7.51,7.09,7.35,33100,7.35
2009-02-04,7.30,7.59,7.19,7.22,28100,7.22
2009-02-03,7.39,7.68,7.06,7.32,31600,7.32
2009-02-02,7.70,9.09,7.38,7.38,234100,7.38
2009-01-30,8.06,8.36,7.74,7.74,14500,7.74
2009-01-29,8.20,8.49,8.04,8.04,34400,8.04
2009-01-28,7.81,8.40,7.70,8.40,13700,8.40
2009-01-27,7.79,7.80,7.41,7.77,28800,7.77
2009-01-26,7.35,7.81,7.35,7.80,26300,7.80
2009-01-23,7.12,7.55,7.12,7.32,33100,7.32
2009-01-22,7.20,7.42,6.99,7.02,15100,7.02
2009-01-21,7.08,7.39,7.02,7.31,22200,7.31
2009-01-20,7.03,7.59,7.03,7.17,28800,7.17
2009-01-16,7.81,8.43,7.43,7.65,15400,7.65
2009-01-15,7.11,7.98,7.04,7.80,51600,7.80
2009-01-14,7.05,7.16,7.05,7.10,29900,7.10
2009-01-13,7.14,7.14,7.02,7.10,6300,7.10
2009-01-12,7.58,7.69,7.06,7.19,16600,7.19
2009-01-09,8.83,8.99,7.58,7.58,39900,7.58
2009-01-08,9.21,9.28,8.60,8.81,40000,8.81
2009-01-07,9.42,9.51,9.25,9.26,16200,9.26
2009-01-06,8.95,9.50,8.49,9.49,26100,9.49
2009-01-05,8.90,9.14,8.12,8.88,49900,8.88
2009-01-02,8.79,9.05,8.10,8.86,15400,8.86
2008-12-31,8.56,8.91,8.47,8.77,19000,8.77
2008-12-30,8.64,8.65,8.34,8.54,14900,8.54
2008-12-29,8.84,9.05,8.18,8.64,69100,8.64
2008-12-26,8.63,9.16,8.62,8.83,12700,8.83
2008-12-24,8.59,8.59,8.02,8.02,4300,8.02
2008-12-23,8.54,9.16,8.46,8.70,25300,8.70
2008-12-22,8.55,8.71,7.63,8.63,34500,8.63
2008-12-19,8.23,8.73,7.75,8.59,51700,8.59
2008-12-18,8.18,8.32,7.75,7.98,43400,7.98
2008-12-17,7.14,8.51,7.14,8.15,47000,8.15
2008-12-16,6.59,7.25,6.40,7.24,32900,7.24
2008-12-15,6.51,6.59,6.35,6.47,48300,6.47
2008-12-12,6.42,6.50,6.31,6.49,33100,6.49
2008-12-11,6.35,6.46,6.35,6.35,17100,6.35
2008-12-10,6.45,6.54,6.25,6.43,25400,6.43
2008-12-09,6.44,6.55,6.20,6.36,23800,6.36
2008-12-08,6.11,6.38,6.11,6.20,75900,6.20
2008-12-05,6.30,6.44,6.11,6.41,26600,6.41
2008-12-04,6.83,6.99,6.38,6.38,30700,6.38
2008-12-03,6.12,7.00,6.05,6.93,82300,6.93
2008-12-02,6.11,6.29,5.97,6.27,24700,6.27
2008-12-01,5.96,6.10,5.86,5.99,137200,5.99
2008-11-28,6.03,6.19,6.03,6.14,4300,6.14
2008-11-26,5.90,6.14,5.85,6.11,42300,6.11
2008-11-25,6.20,6.20,5.73,5.94,29900,5.94
2008-11-24,6.11,6.30,6.05,6.17,50800,6.17
2008-11-21,6.16,6.38,6.11,6.24,47900,6.24
2008-11-20,6.10,6.42,6.10,6.18,51300,6.18
2008-11-19,6.09,6.35,6.08,6.12,35000,6.12
2008-11-18,6.10,6.36,6.07,6.18,25200,6.18
2008-11-17,6.06,6.15,6.00,6.11,22800,6.11
2008-11-14,6.16,6.18,6.08,6.13,21200,6.13
2008-11-13,6.02,6.39,5.05,6.34,74300,6.34
2008-11-12,6.20,6.29,6.14,6.14,56100,6.14
2008-11-11,6.32,6.32,6.20,6.20,58300,6.20
2008-11-10,6.41,6.72,6.24,6.26,17500,6.26
2008-11-07,6.53,6.53,6.26,6.32,35000,6.32
2008-11-06,6.40,6.81,6.31,6.33,56500,6.33
2008-11-05,6.46,6.58,6.31,6.33,19900,6.33
2008-11-04,6.85,6.85,6.40,6.58,26700,6.58
2008-11-03,6.60,7.10,6.51,6.71,42200,6.71
2008-10-31,6.33,6.58,6.31,6.50,55200,6.50
2008-10-30,6.60,6.60,6.31,6.39,43100,6.39
2008-10-29,6.50,6.77,6.29,6.45,15800,6.45
2008-10-28,6.68,6.79,6.45,6.50,46700,6.50
2008-10-27,6.71,6.81,6.35,6.45,26900,6.45
2008-10-24,6.66,7.07,6.40,6.91,36400,6.91
2008-10-23,7.38,7.43,6.72,7.00,32400,7.00
2008-10-22,7.95,8.00,7.51,7.54,32600,7.54
2008-10-21,8.34,8.68,7.90,8.17,21100,8.17
2008-10-20,8.57,8.75,7.92,8.50,46400,8.50
2008-10-17,8.81,9.48,8.48,8.48,42500,8.48
2008-10-16,8.50,9.31,8.50,9.07,48000,9.07
2008-10-15,8.49,8.55,8.28,8.37,31900,8.37
2008-10-14,9.09,9.09,8.45,8.62,56500,8.62
2008-10-13,9.00,9.00,8.28,8.97,34200,8.97
2008-10-10,8.14,9.06,7.96,8.82,94400,8.82
2008-10-09,8.41,8.67,8.16,8.35,109700,8.35
2008-10-08,8.60,8.90,8.31,8.52,59600,8.52
2008-10-07,8.96,9.06,8.30,8.71,23500,8.71
2008-10-06,8.83,9.91,8.65,8.91,42200,8.91
2008-10-03,9.66,9.66,9.00,9.00,12300,9.00
2008-10-02,9.02,9.12,8.90,9.03,50800,9.03
2008-10-01,9.00,9.23,8.99,9.14,65600,9.14
2008-09-30,9.31,9.49,8.94,9.09,64600,9.09
2008-09-29,9.96,9.97,9.26,9.29,28300,9.29
2008-09-26,9.19,9.50,9.18,9.46,23300,9.46
2008-09-25,9.21,10.45,9.21,9.36,27100,9.36
2008-09-24,10.71,10.71,9.18,9.29,25200,9.29
2008-09-23,10.62,10.62,9.23,9.27,25100,9.27
2008-09-22,9.55,9.65,9.11,9.49,31600,9.49
2008-09-19,10.42,10.52,9.20,9.72,196000,9.72
2008-09-18,9.19,9.19,8.70,8.83,98900,8.83
2008-09-17,9.17,9.41,8.95,8.95,52800,8.95
2008-09-16,9.00,9.51,8.97,9.44,28500,9.44
2008-09-15,9.22,9.30,9.02,9.15,20900,9.15
2008-09-12,8.96,9.25,8.96,9.14,10900,9.14
2008-09-11,9.06,9.31,8.97,9.13,49500,9.13
2008-09-10,9.45,9.45,9.22,9.26,29300,9.26
2008-09-09,9.44,9.50,9.24,9.25,23200,9.25
2008-09-08,9.55,9.55,9.15,9.33,15700,9.33
2008-09-05,9.29,9.50,9.20,9.34,15700,9.34
2008-09-04,9.48,9.50,9.14,9.23,13700,9.23
2008-09-03,9.29,9.50,9.29,9.45,31200,9.45
2008-09-02,8.98,9.38,8.98,9.29,37900,9.29
2008-08-29,9.10,9.30,9.10,9.23,15800,9.23
2008-08-28,9.18,9.25,9.15,9.24,15400,9.24
2008-08-27,9.43,9.43,9.15,9.22,33900,9.22
2008-08-26,9.24,9.40,9.08,9.35,38800,9.35
2008-08-25,8.99,9.29,8.99,9.13,34700,9.13
2008-08-22,9.00,9.40,8.90,9.10,61300,9.10
2008-08-21,8.95,8.96,8.73,8.90,91900,8.90
2008-08-20,8.91,9.00,8.87,8.94,88600,8.94
2008-08-19,8.81,9.01,8.79,8.92,81800,8.92
2008-08-18,8.85,9.07,8.70,8.88,38800,8.88
2008-08-15,9.28,9.29,8.89,8.90,44000,8.90
2008-08-14,9.42,9.42,8.85,9.12,37500,9.12
2008-08-13,9.48,9.72,9.21,9.27,29000,9.27
2008-08-12,10.30,10.30,9.11,9.53,61800,9.53
2008-08-11,9.89,10.30,9.33,10.20,47700,10.20
2008-08-08,9.16,9.81,9.12,9.79,36000,9.79
2008-08-07,9.41,9.49,9.24,9.26,23600,9.26
2008-08-06,9.67,9.67,9.48,9.53,27300,9.53
2008-08-05,9.63,9.81,9.51,9.65,35200,9.65
2008-08-04,9.60,9.75,9.51,9.53,46900,9.53
2008-08-01,9.71,9.75,9.52,9.70,25900,9.70
2008-07-31,9.56,9.70,9.36,9.67,23700,9.67
2008-07-30,9.70,9.80,9.59,9.66,39600,9.66
2008-07-29,9.18,9.70,9.12,9.63,17100,9.63
2008-07-28,9.49,9.49,9.15,9.15,20200,9.15
2008-07-25,9.33,9.80,9.33,9.56,19700,9.56
2008-07-24,9.54,9.82,9.19,9.27,46800,9.27
2008-07-23,9.77,9.80,9.36,9.42,27900,9.42
2008-07-22,9.63,9.92,9.55,9.80,33100,9.80
2008-07-21,9.85,9.89,9.64,9.70,13800,9.70
2008-07-18,9.74,9.92,9.49,9.72,21300,9.72
2008-07-17,9.50,9.88,9.41,9.83,30800,9.83
2008-07-16,8.94,9.48,8.84,9.33,27200,9.33
2008-07-15,8.76,9.60,8.51,9.00,62000,9.00
2008-07-14,9.28,9.28,8.40,8.68,144000,8.68
2008-07-11,9.01,9.61,9.01,9.33,27600,9.33
2008-07-10,9.05,9.50,9.04,9.11,78600,9.11
2008-07-09,9.36,9.56,9.00,9.05,72400,9.05
2008-07-08,9.28,9.65,9.15,9.40,45200,9.40
2008-07-07,9.24,9.61,9.00,9.42,64200,9.42
2008-07-03,9.74,9.76,9.17,9.42,20800,9.42
2008-07-02,9.29,10.09,9.27,9.74,132300,9.74
2008-07-01,9.56,10.43,9.56,10.39,53200,10.39
2008-06-30,10.04,10.49,9.67,9.67,88400,9.67
2008-06-27,10.24,10.52,10.00,10.01,240900,10.01
2008-06-26,10.37,10.39,10.21,10.31,23000,10.31
2008-06-25,10.36,11.01,10.36,10.49,53000,10.49
2008-06-24,10.56,10.56,10.31,10.31,17600,10.31
2008-06-23,10.91,10.91,10.31,10.50,46100,10.50
2008-06-20,11.45,11.80,10.76,10.76,66100,10.76
2008-06-19,11.10,11.55,11.10,11.55,33800,11.55
2008-06-18,11.02,11.29,11.02,11.22,32000,11.22
2008-06-17,11.47,11.47,11.01,11.18,56600,11.18
2008-06-16,11.77,11.77,11.20,11.53,33400,11.53
2008-06-13,11.38,11.79,11.20,11.74,43200,11.74
2008-06-12,11.32,11.37,11.20,11.24,30200,11.24
2008-06-11,11.32,11.43,11.21,11.26,20800,11.26
2008-06-10,11.20,11.53,11.20,11.40,14800,11.40
2008-06-09,11.50,12.04,11.20,11.20,35600,11.20
2008-06-06,11.91,12.17,11.40,11.40,19100,11.40
2008-06-05,11.42,12.24,11.42,11.98,35800,11.98
2008-06-04,11.58,11.64,11.41,11.42,33400,11.42
2008-06-03,11.72,12.17,11.42,11.65,66200,11.65
2008-06-02,12.69,12.69,11.69,11.71,52200,11.71
2008-05-30,12.21,12.88,12.07,12.70,96300,12.70
2008-05-29,11.72,12.16,11.72,12.16,80300,12.16
2008-05-28,11.70,11.80,11.50,11.75,46700,11.75
2008-05-27,11.28,11.67,11.23,11.44,24000,11.44
2008-05-23,11.38,11.38,11.24,11.25,18300,11.25
2008-05-22,11.21,11.46,10.89,11.46,47300,11.46
2008-05-21,10.84,11.43,10.84,11.21,40400,11.21
2008-05-20,11.13,11.41,10.70,11.05,45700,11.05
2008-05-19,11.79,11.82,11.14,11.19,71200,11.19
2008-05-16,11.50,11.80,11.24,11.67,69000,11.67
2008-05-15,11.51,11.75,11.00,11.53,51600,11.53
2008-05-14,11.62,11.75,11.50,11.54,22600,11.54
2008-05-13,11.55,11.74,11.50,11.66,37300,11.66
2008-05-12,11.61,11.82,11.52,11.59,32500,11.59
2008-05-09,11.57,11.68,11.43,11.58,29000,11.58
2008-05-08,11.75,11.87,11.57,11.68,40200,11.68
2008-05-07,11.37,11.79,11.29,11.76,78500,11.76
2008-05-06,10.72,11.41,10.72,11.37,43700,11.37
2008-05-05,11.01,11.04,10.67,10.82,28200,10.82
2008-05-02,11.36,11.43,10.95,11.00,30400,11.00
2008-05-01,10.95,11.35,10.92,11.22,22700,11.22
2008-04-30,11.39,11.39,10.60,10.83,36100,10.83
2008-04-29,10.98,11.72,10.78,11.11,96000,11.11
2008-04-28,10.78,11.41,10.56,11.00,53400,11.00
2008-04-25,10.68,11.00,10.62,10.75,48900,10.75
2008-04-24,10.53,10.67,10.40,10.59,81400,10.59
2008-04-23,10.31,10.61,10.29,10.58,71200,10.58
2008-04-22,10.41,10.50,10.12,10.24,156400,10.24
2008-04-21,10.10,10.88,10.10,10.51,121300,10.51
2008-04-18,10.04,10.16,9.93,9.97,18800,9.97
2008-04-17,9.88,10.26,9.46,9.96,76600,9.96
2008-04-16,8.96,9.93,8.94,9.85,168600,9.85
2008-04-15,9.56,9.56,8.55,8.76,111600,8.76
2008-04-14,9.87,10.01,9.15,9.49,171000,9.49
2008-04-11,10.68,10.71,9.81,9.89,110200,9.89
2008-04-10,10.66,11.02,10.53,10.75,29000,10.75
2008-04-09,11.16,11.16,10.65,10.71,45400,10.71
2008-04-08,11.06,11.61,10.98,11.17,48800,11.17
2008-04-07,11.50,11.53,10.97,11.17,49900,11.17
2008-04-04,11.90,12.00,11.43,11.63,38400,11.63
2008-04-03,11.90,12.07,11.59,11.83,74500,11.83
2008-04-02,11.54,12.04,11.51,12.03,54500,12.03
2008-04-01,11.27,11.95,11.06,11.81,49000,11.81
2008-03-31,11.57,11.80,11.12,11.16,69600,11.16
2008-03-28,11.83,12.01,11.51,11.51,76500,11.51
2008-03-27,12.07,12.07,11.34,11.87,46500,11.87
2008-03-26,11.40,12.02,11.37,12.02,118500,12.02
2008-03-25,11.15,11.55,11.07,11.41,85200,11.41
2008-03-24,11.10,11.40,10.84,11.20,97600,11.20
2008-03-20,10.52,11.04,10.43,11.03,139300,11.03
2008-03-19,11.24,11.37,10.40,10.41,97200,10.41
2008-03-18,11.74,11.98,10.35,11.08,111600,11.08
2008-03-17,12.75,12.99,11.00,11.44,68600,11.44
2008-03-14,12.67,13.38,12.67,13.05,49400,13.05
2008-03-13,12.31,12.95,12.31,12.63,40000,12.63
2008-03-12,12.30,12.82,12.20,12.42,39300,12.42
2008-03-11,11.90,12.30,11.43,12.18,61700,12.18
2008-03-10,12.13,12.13,11.32,11.81,72400,11.81
2008-03-07,11.55,12.16,11.55,12.11,36900,12.11
2008-03-06,11.75,12.26,11.49,11.58,85900,11.58
2008-03-05,11.76,12.06,11.51,11.82,84900,11.82
2008-03-04,11.73,11.94,11.53,11.67,73900,11.67
2008-03-03,11.81,12.17,11.41,11.75,73800,11.75
2008-02-29,11.61,12.40,11.50,11.78,129000,11.78
2008-02-28,12.40,12.40,11.64,11.72,94600,11.72
2008-02-27,11.89,12.45,11.85,12.41,39100,12.41
2008-02-26,11.70,12.08,11.67,11.94,36500,11.94
2008-02-25,11.42,11.95,11.42,11.72,52700,11.72
2008-02-22,11.29,11.46,10.80,11.37,104300,11.37
2008-02-21,11.38,11.74,11.10,11.20,141400,11.20
2008-02-20,11.82,11.89,11.08,11.22,150800,11.22
2008-02-19,11.75,12.12,11.52,11.93,52900,11.93
2008-02-15,12.08,12.39,11.16,11.55,142300,11.55
2008-02-14,12.69,12.87,12.10,12.10,54300,12.10
2008-02-13,12.75,12.79,12.44,12.69,117600,12.69
2008-02-12,12.93,13.10,12.36,12.62,60100,12.62
2008-02-11,13.33,13.33,12.71,12.84,45500,12.84
2008-02-08,13.72,14.00,13.19,13.21,21000,13.21
2008-02-07,13.83,14.12,13.28,13.55,63900,13.55
2008-02-06,13.83,14.24,13.83,13.98,47600,13.98
2008-02-05,13.30,13.99,13.24,13.81,72800,13.81
2008-02-04,12.91,13.86,12.91,13.46,90700,13.46
2008-02-01,13.14,13.14,12.82,12.97,71400,12.97
2008-01-31,12.80,13.17,12.50,13.01,57600,13.01
2008-01-30,12.94,13.20,12.84,13.01,72000,13.01
2008-01-29,13.04,13.04,12.56,12.94,70200,12.94
2008-01-28,12.60,13.02,12.50,12.99,58600,12.99
2008-01-25,12.37,13.13,12.37,12.60,87900,12.60
2008-01-24,11.73,12.37,11.72,12.16,252100,12.16
2008-01-23,11.60,11.84,11.45,11.73,189400,11.73
2008-01-22,11.82,12.21,11.16,11.68,106700,11.68
2008-01-18,12.31,12.86,12.06,12.49,48400,12.49
2008-01-17,13.69,13.87,12.26,12.29,111800,12.29
2008-01-16,14.68,15.05,13.61,13.68,71600,13.68
2008-01-15,15.18,15.18,14.68,14.75,65300,14.75
2008-01-14,15.06,15.09,14.61,14.98,75000,14.98
2008-01-11,15.05,15.10,14.75,14.79,44000,14.79
2008-01-10,14.88,15.12,14.61,15.07,43200,15.07
2008-01-09,15.22,15.42,14.60,14.98,44200,14.98
2008-01-08,15.62,15.80,14.79,15.25,87800,15.25
2008-01-07,15.47,15.71,14.94,15.38,62000,15.38
2008-01-04,16.190001,16.41,15.17,15.23,59000,15.23
2008-01-03,16.58,16.610001,16.25,16.25,62800,16.25
2008-01-02,16.129999,16.76,16.01,16.389999,52700,16.389999
2007-12-31,15.89,16.51,15.67,15.86,88800,15.86
2007-12-28,15.90,16.129999,15.75,15.90,40400,15.90
2007-12-27,15.88,16.709999,15.88,15.90,39500,15.90
2007-12-26,16.379999,16.66,15.84,15.98,46100,15.98
2007-12-24,16.219999,16.299999,16.00,16.200001,13900,16.200001
2007-12-21,16.690001,16.809999,16.120001,16.120001,122500,16.120001
2007-12-20,16.40,16.459999,16.040001,16.32,59000,16.32
2007-12-19,16.17,16.309999,16.09,16.309999,39700,16.309999
2007-12-18,16.02,16.200001,15.84,16.16,53200,16.16
2007-12-17,15.67,16.18,15.67,15.86,45900,15.86
2007-12-14,15.66,16.09,15.62,15.67,31800,15.67
2007-12-13,16.01,16.129999,15.50,15.92,45100,15.92
2007-12-12,15.46,16.139999,15.21,16.129999,73600,16.129999
2007-12-11,16.26,16.26,15.10,15.14,39900,15.14
2007-12-10,15.88,16.27,15.77,16.190001,98400,16.190001
2007-12-07,15.80,15.95,15.65,15.89,36200,15.89
2007-12-06,15.67,15.95,15.57,15.80,55500,15.80
2007-12-05,15.41,15.79,15.41,15.74,95200,15.74
2007-12-04,15.64,15.75,15.12,15.24,85100,15.24
2007-12-03,14.82,15.89,14.82,15.69,98000,15.69
2007-11-30,14.72,15.99,14.47,14.96,141200,14.96
2007-11-29,14.44,14.96,14.12,14.56,52900,14.56
2007-11-28,14.01,14.82,13.90,14.45,137900,14.45
2007-11-27,14.09,14.48,13.84,13.90,140300,13.90
2007-11-26,15.22,15.22,14.09,14.09,57200,14.09
2007-11-23,15.33,15.49,15.06,15.26,18500,15.26
2007-11-21,15.73,15.86,15.16,15.21,30900,15.21
2007-11-20,16.139999,16.139999,15.48,15.87,47700,15.87
2007-11-19,16.110001,16.23,16.059999,16.09,23700,16.09
2007-11-16,16.08,16.25,16.00,16.24,134700,16.24
2007-11-15,15.67,16.35,15.31,16.09,126800,16.09
2007-11-14,15.51,16.16,15.06,15.74,190700,15.74
2007-11-13,13.85,15.81,13.85,15.48,156100,15.48
2007-11-12,14.69,14.75,13.70,13.72,100100,13.72
2007-11-09,15.19,15.23,14.45,14.69,139300,14.69
2007-11-08,16.33,16.49,14.75,15.38,112200,15.38
2007-11-07,16.25,16.790001,16.16,16.17,68200,16.17
2007-11-06,16.77,16.77,16.08,16.52,199200,16.52
2007-11-05,16.120001,16.67,15.78,16.610001,86200,16.610001
2007-11-02,15.84,16.370001,15.27,16.200001,155600,16.200001
2007-11-01,16.709999,16.709999,15.66,15.81,122900,15.81
2007-10-31,17.299999,17.299999,16.610001,16.75,113000,16.75
2007-10-30,17.16,17.540001,16.57,16.59,119500,16.59
2007-10-29,17.110001,17.620001,16.99,17.15,144400,17.15
2007-10-26,17.049999,17.24,16.76,16.98,146600,16.98
2007-10-25,16.459999,16.950001,16.01,16.860001,45400,16.860001
2007-10-24,16.49,16.620001,15.76,16.48,56600,16.48
2007-10-23,16.40,16.60,16.17,16.51,82300,16.51
2007-10-22,15.77,16.440001,15.45,16.290001,88600,16.290001
2007-10-19,16.49,16.790001,15.30,16.059999,175600,16.059999
2007-10-18,15.99,16.49,15.94,16.469999,129100,16.469999
2007-10-17,15.38,16.139999,15.37,16.049999,90700,16.049999
2007-10-16,15.29,15.41,15.05,15.36,209500,15.36
2007-10-15,15.50,15.71,14.95,15.25,298100,15.25
2007-10-12,14.73,15.30,14.66,15.28,134600,15.28
2007-10-11,15.22,15.40,15.07,15.28,101600,15.28
2007-10-10,14.96,15.17,14.64,15.17,40600,15.17
2007-10-09,14.99,15.11,14.68,14.94,118100,14.94
2007-10-08,14.45,14.99,14.45,14.76,77200,14.76
2007-10-05,14.48,14.50,14.26,14.47,62800,14.47
2007-10-04,14.59,14.59,14.06,14.44,67500,14.44
2007-10-03,14.71,14.71,14.43,14.45,106300,14.45
2007-10-02,14.62,14.95,14.51,14.72,127500,14.72
2007-10-01,14.10,14.84,13.29,14.62,89400,14.62
2007-09-28,14.43,14.75,13.99,14.05,127500,14.05
2007-09-27,14.15,14.55,14.15,14.38,86200,14.38
2007-09-26,14.71,14.80,13.96,14.08,108900,14.08
2007-09-25,14.49,15.29,14.34,14.81,148500,14.81
2007-09-24,14.19,14.82,14.08,14.50,111400,14.50
2007-09-21,13.26,14.04,13.24,14.04,85200,14.04
2007-09-20,13.38,13.74,13.01,13.15,52300,13.15
2007-09-19,13.08,13.55,12.93,13.37,48900,13.37
2007-09-18,12.85,13.31,12.74,13.08,45400,13.08
2007-09-17,12.72,12.89,12.54,12.82,13800,12.82
2007-09-14,12.52,12.79,12.32,12.68,19500,12.68
2007-09-13,12.67,12.73,12.56,12.60,13300,12.60
2007-09-12,12.44,12.85,12.41,12.56,27500,12.56
2007-09-11,12.25,12.75,12.25,12.44,26100,12.44
2007-09-10,12.51,12.71,11.97,12.22,58400,12.22
2007-09-07,12.71,12.71,12.13,12.32,25100,12.32
2007-09-06,12.91,12.91,12.56,12.84,27900,12.84
2007-09-05,12.95,12.95,12.42,12.76,39500,12.76
2007-09-04,12.01,12.89,12.01,12.86,56000,12.86
2007-08-31,12.47,12.94,11.37,11.90,81400,11.90
2007-08-30,12.50,12.64,12.40,12.51,23400,12.51
2007-08-29,12.46,12.76,12.39,12.76,21200,12.76
2007-08-28,11.95,12.58,11.95,12.48,45900,12.48
2007-08-27,12.25,12.35,11.91,11.95,105900,11.95
2007-08-24,11.96,12.35,11.88,12.16,33400,12.16
2007-08-23,11.73,12.25,11.73,12.12,34200,12.12
2007-08-22,12.01,12.28,11.72,12.00,68200,12.00
2007-08-21,12.46,12.53,11.77,11.86,63700,11.86
2007-08-20,11.80,12.84,11.74,12.46,156600,12.46
2007-08-17,11.61,11.80,10.97,11.74,95300,11.74
2007-08-16,11.01,11.15,10.89,10.98,60300,10.98
2007-08-15,11.03,11.30,10.90,10.92,41800,10.92
2007-08-14,11.25,11.33,10.89,11.17,49200,11.17
2007-08-13,10.28,11.71,10.28,11.32,85600,11.32
2007-08-10,10.51,10.98,10.00,10.29,188500,10.29
2007-08-09,10.46,11.03,10.17,10.35,244500,10.35
2007-08-08,10.74,11.25,9.97,10.44,139900,10.44
2007-08-07,11.77,11.92,10.75,11.00,205200,11.00
2007-08-06,11.83,12.28,11.77,11.86,35300,11.86
2007-08-03,12.44,12.46,11.83,11.86,16100,11.86
2007-08-02,12.33,12.40,12.33,12.36,7900,12.36
2007-08-01,12.11,12.41,12.11,12.29,7200,12.29
2007-07-31,12.08,12.43,12.04,12.12,28900,12.12
2007-07-30,12.37,12.37,11.77,12.00,29500,12.00
2007-07-27,12.50,12.85,12.23,12.23,20500,12.23
2007-07-26,12.42,12.71,12.33,12.56,29200,12.56
2007-07-25,12.86,12.88,12.70,12.73,13300,12.73
2007-07-24,12.66,12.81,12.62,12.70,27300,12.70
2007-07-23,12.66,12.78,12.53,12.72,33700,12.72
2007-07-20,12.53,12.69,12.48,12.67,26500,12.67
2007-07-19,12.90,13.00,12.56,12.62,28300,12.62
2007-07-18,12.56,13.05,12.56,12.76,65700,12.76
2007-07-17,12.39,12.87,12.36,12.65,28600,12.65
2007-07-16,12.66,12.66,12.10,12.18,36800,12.18
2007-07-13,12.68,12.68,12.50,12.66,11900,12.66
2007-07-12,12.42,12.78,12.40,12.61,23200,12.61
2007-07-11,12.56,12.64,12.47,12.55,7200,12.55
2007-07-10,13.07,13.15,12.36,12.61,30000,12.61
2007-07-09,13.32,13.32,12.89,13.12,48400,13.12
2007-07-06,13.00,13.30,12.94,13.21,51900,13.21
2007-07-05,12.99,12.99,12.78,12.96,21800,12.96
2007-07-03,12.90,13.10,12.88,12.88,106000,12.88
2007-07-02,12.25,13.03,12.25,12.75,81500,12.75
2007-06-29,12.03,12.35,11.99,12.12,31700,12.12
2007-06-28,12.09,12.30,11.96,11.96,74800,11.96
2007-06-27,12.07,12.09,11.98,11.98,58100,11.98
2007-06-26,12.10,12.10,11.97,11.99,29500,11.99
2007-06-25,12.34,12.56,11.90,12.03,66800,12.03
2007-06-22,12.64,12.81,12.33,12.33,546000,12.33
2007-06-21,12.76,13.00,12.59,12.76,72300,12.76
2007-06-20,12.55,12.73,12.47,12.71,34600,12.71
2007-06-19,12.21,12.51,12.18,12.37,15200,12.37
2007-06-18,12.46,12.53,12.10,12.20,23300,12.20
2007-06-15,12.42,12.60,12.36,12.53,15200,12.53
2007-06-14,12.59,12.59,12.19,12.29,26700,12.29
2007-06-13,12.61,12.62,12.50,12.50,7000,12.50
2007-06-12,12.75,12.76,12.47,12.60,17000,12.60
2007-06-11,12.70,12.95,12.51,12.76,43100,12.76
2007-06-08,12.93,12.93,12.65,12.74,12300,12.74
2007-06-07,12.92,13.00,12.91,12.94,15100,12.94
2007-06-06,12.85,13.01,12.71,13.01,30200,13.01
2007-06-05,12.99,13.04,12.85,12.95,19800,12.95
2007-06-04,12.92,13.15,12.87,12.96,24300,12.96
2007-06-01,12.94,13.00,12.86,12.95,16900,12.95
2007-05-31,12.57,13.10,12.29,12.96,52300,12.96
2007-05-30,12.34,12.69,12.34,12.69,5300,12.69
2007-05-29,12.51,12.60,12.47,12.59,6300,12.59
2007-05-25,12.53,12.60,12.16,12.60,4900,12.60
2007-05-24,12.03,12.52,11.94,12.52,45000,12.52
2007-05-23,12.03,12.22,12.03,12.15,26200,12.15
2007-05-22,12.10,12.15,12.03,12.08,5500,12.08
2007-05-21,12.25,12.44,12.00,12.11,20200,12.11
2007-05-18,12.33,12.54,11.92,12.15,9300,12.15
2007-05-17,12.42,12.73,11.86,12.21,18500,12.21
2007-05-16,12.75,12.75,12.40,12.45,7400,12.45
2007-05-15,12.40,12.53,12.34,12.51,11100,12.51
2007-05-14,12.66,12.66,12.25,12.35,16800,12.35
2007-05-11,12.66,12.89,12.60,12.75,19800,12.75
2007-05-10,12.64,12.92,12.52,12.59,44500,12.59
2007-05-09,12.50,12.58,12.46,12.50,16700,12.50
2007-05-08,12.40,12.50,12.35,12.50,22300,12.50
2007-05-07,12.47,12.52,12.33,12.38,12000,12.38
2007-05-04,12.62,12.62,12.39,12.54,5700,12.54
2007-05-03,12.55,12.56,12.40,12.53,42400,12.53
2007-05-02,12.46,12.47,12.31,12.42,14400,12.42
2007-05-01,12.64,12.64,12.44,12.46,42600,12.46
2007-04-30,12.54,12.54,12.35,12.51,29900,12.51
2007-04-27,12.54,12.63,12.45,12.63,5900,12.63
2007-04-26,12.36,12.65,12.36,12.60,14000,12.60
2007-04-25,12.42,12.49,12.38,12.48,6900,12.48
2007-04-24,12.41,12.49,12.35,12.35,13400,12.35
2007-04-23,12.65,12.65,12.35,12.41,14300,12.41
2007-04-20,12.36,12.60,12.35,12.60,20000,12.60
2007-04-19,12.46,12.54,12.42,12.50,14700,12.50
2007-04-18,12.40,12.50,12.35,12.36,15500,12.36
2007-04-17,12.56,12.63,12.35,12.45,45900,12.45
2007-04-16,12.56,12.75,12.30,12.36,15800,12.36
2007-04-13,12.75,12.86,12.30,12.46,32700,12.46
2007-04-12,12.01,12.90,12.01,12.68,40200,12.68
2007-04-11,12.43,12.59,12.00,12.10,35800,12.10
2007-04-10,12.37,12.61,12.37,12.60,16100,12.60
2007-04-09,12.15,12.44,12.13,12.42,17200,12.42
2007-04-05,12.05,12.16,12.05,12.15,2700,12.15
2007-04-04,11.96,12.03,11.88,12.03,38900,12.03
2007-04-03,12.00,12.06,11.98,12.06,19800,12.06
2007-04-02,12.14,12.14,11.96,12.07,17200,12.07
2007-03-30,12.04,12.05,12.04,12.04,1500,12.04
2007-03-29,11.97,12.05,11.97,12.05,9300,12.05
2007-03-28,11.97,12.01,11.96,12.01,15100,12.01
2007-03-27,12.01,12.10,11.90,12.10,11000,12.10
2007-03-26,12.00,12.06,12.00,12.03,3700,12.03
2007-03-23,12.09,12.12,12.00,12.12,4100,12.12
2007-03-22,11.90,12.08,11.90,12.04,21200,12.04
2007-03-21,11.51,12.12,11.51,12.01,23400,12.01
2007-03-20,11.76,12.17,11.76,11.95,23700,11.95
2007-03-19,11.88,11.95,11.55,11.95,73800,11.95
2007-03-16,11.96,11.97,11.92,11.94,3300,11.94
2007-03-15,11.64,12.25,11.64,11.98,51000,11.98
2007-03-14,11.30,11.63,11.30,11.63,97000,11.63
2007-03-13,11.75,11.75,11.29,11.31,73500,11.31
2007-03-12,11.90,11.90,11.77,11.83,5800,11.83
2007-03-09,11.73,11.96,11.70,11.89,30700,11.89
2007-03-08,11.21,11.80,11.21,11.80,81500,11.80
2007-03-07,11.01,11.40,11.01,11.31,5500,11.31
2007-03-06,11.16,11.37,11.16,11.37,11600,11.37
2007-03-05,11.05,11.26,11.05,11.16,8000,11.16
2007-03-02,11.10,11.26,11.05,11.15,27300,11.15
2007-03-01,10.98,11.14,10.98,11.06,7000,11.06
2007-02-28,11.12,11.12,11.00,11.05,2100,11.05
2007-02-27,11.13,11.13,11.01,11.02,20400,11.02
2007-02-26,11.05,11.08,10.88,11.06,4800,11.06
2007-02-23,11.00,11.01,11.00,11.01,1400,11.01
2007-02-22,10.87,10.94,10.86,10.91,14800,10.91
2007-02-21,10.88,11.02,10.88,11.00,4300,11.00
2007-02-20,10.94,11.20,10.87,11.04,9100,11.04
2007-02-16,11.00,11.12,10.90,11.12,26300,11.12
2007-02-15,11.06,11.08,10.86,11.00,49400,11.00
2007-02-14,10.95,11.20,10.95,11.15,12600,11.15
2007-02-13,10.87,10.90,10.77,10.89,58300,10.89
2007-02-12,10.78,10.82,10.75,10.82,9200,10.82
2007-02-09,10.78,10.86,10.70,10.86,10700,10.86
2007-02-08,10.37,10.70,10.31,10.70,21900,10.70
2007-02-07,10.30,10.37,10.26,10.35,9000,10.35
2007-02-06,10.31,10.32,10.22,10.29,3800,10.29
2007-02-05,10.34,10.34,10.14,10.22,7200,10.22
2007-02-02,10.15,10.29,10.12,10.26,18500,10.26
2007-02-01,10.20,10.24,10.16,10.24,12400,10.24
2007-01-31,10.11,10.20,10.11,10.20,12700,10.20
2007-01-30,10.10,10.15,10.05,10.15,13200,10.15
2007-01-29,9.95,10.11,9.85,10.11,10800,10.11
2007-01-26,10.10,10.17,9.82,10.16,15800,10.16
2007-01-25,10.00,10.11,10.00,10.10,48400,10.10
2007-01-24,10.00,10.15,10.00,10.15,53300,10.15
2007-01-23,10.14,10.14,9.95,10.09,19900,10.09
2007-01-22,9.97,10.06,9.85,10.04,31600,10.04
2007-01-19,9.96,10.10,9.89,9.89,19200,9.89
2007-01-18,10.01,10.38,9.95,9.99,10600,9.99
2007-01-17,10.12,10.15,10.07,10.09,12400,10.09
2007-01-16,10.16,10.16,10.02,10.09,29900,10.09
2007-01-12,10.14,10.23,10.06,10.23,12100,10.23
2007-01-11,10.09,10.12,9.95,10.12,21800,10.12
2007-01-10,9.98,10.09,9.98,10.09,12500,10.09
2007-01-09,10.00,10.08,9.90,10.02,25500,10.02
2007-01-08,10.00,10.00,9.86,9.98,38300,9.98
2007-01-05,9.89,9.93,9.70,9.85,24200,9.85
2007-01-04,9.95,10.00,9.65,9.97,33300,9.97
2007-01-03,9.91,10.07,9.64,9.91,63100,9.91
2006-12-29,9.77,9.91,9.50,9.91,51900,9.91
2006-12-28,9.87,9.88,9.62,9.88,6000,9.88
2006-12-27,9.75,9.85,9.59,9.85,10300,9.85
2006-12-26,9.78,9.88,9.60,9.69,10200,9.69
2006-12-22,9.82,9.88,9.80,9.88,5100,9.88
2006-12-21,9.81,9.82,9.77,9.80,9900,9.80
2006-12-20,9.78,9.90,9.65,9.85,35800,9.85
2006-12-19,9.41,9.89,9.41,9.77,63500,9.77
2006-12-18,9.60,9.74,9.50,9.70,102100,9.70
2006-12-15,9.80,9.80,9.70,9.70,63900,9.70
2006-12-14,9.80,9.86,9.70,9.77,66600,9.77
2006-12-13,9.91,9.91,9.80,9.80,13100,9.80
2006-12-12,9.99,10.08,9.80,9.98,54100,9.98
2006-12-11,9.77,9.97,9.66,9.97,87200,9.97
2006-12-08,9.65,9.75,9.60,9.65,45400,9.65
2006-12-07,9.67,9.73,9.66,9.71,63100,9.71
2006-12-06,9.77,9.78,9.65,9.67,147100,9.67
2006-12-05,9.69,9.72,9.40,9.72,118400,9.72
2006-12-04,9.83,9.89,9.50,9.89,112600,9.89
2006-12-01,9.86,10.00,9.85,9.88,60800,9.88
2006-11-30,9.70,9.91,9.65,9.85,46600,9.85
2006-11-29,9.70,9.73,9.51,9.62,37000,9.62
2006-11-28,9.30,9.79,9.30,9.50,84500,9.50
2006-11-27,9.30,9.35,9.14,9.32,62000,9.32
2006-11-24,9.25,9.31,9.23,9.31,10300,9.31
2006-11-22,9.25,9.30,9.22,9.25,45500,9.25
2006-11-21,9.15,9.25,9.12,9.25,19000,9.25
2006-11-20,8.98,9.15,8.98,9.15,74900,9.15
2006-11-17,9.05,9.05,9.00,9.00,18100,9.00
2006-11-16,9.00,9.05,8.93,9.05,2400,9.05
2006-11-15,9.09,9.12,8.90,9.00,6800,9.00
2006-11-14,9.00,9.05,8.97,9.00,57000,9.00
2006-11-13,9.00,9.00,8.85,8.89,7700,8.89
2006-11-10,8.65,9.05,8.61,8.85,115700,8.85
2006-11-09,8.68,8.68,8.61,8.67,4300,8.67
2006-11-08,8.84,8.84,8.84,8.84,000,8.84
2006-11-07,8.62,8.84,8.62,8.84,1100,8.84
2006-11-06,8.90,8.90,8.62,8.63,9600,8.63
2006-11-03,8.92,8.92,8.62,8.79,9600,8.79
2006-11-02,8.70,8.84,8.70,8.84,8200,8.84
2006-11-01,8.88,8.88,8.67,8.70,3900,8.70
2006-10-31,8.70,8.99,8.67,8.90,37200,8.90
2006-10-30,8.77,8.93,8.62,8.93,18500,8.93
2006-10-27,8.86,8.93,8.86,8.86,20300,8.86
2006-10-26,8.89,9.00,8.85,8.95,32000,8.95
2006-10-25,8.88,9.05,8.88,9.00,27800,9.00
2006-10-24,9.00,9.05,8.88,8.94,53800,8.94
2006-10-23,9.02,9.10,9.00,9.00,36100,9.00
2006-10-20,9.00,9.05,8.90,9.01,24800,9.01
2006-10-19,9.15,9.18,9.00,9.00,8300,9.00
2006-10-18,9.24,9.24,8.90,9.15,55500,9.15
2006-10-17,9.07,9.40,9.00,9.24,41000,9.24
2006-10-16,9.07,9.15,8.86,9.08,52800,9.08
2006-10-13,8.86,9.05,8.85,8.90,101500,8.90
2006-10-12,8.80,8.99,8.80,8.85,64600,8.85
2006-10-11,8.80,8.80,8.61,8.73,73400,8.73
2006-10-10,8.75,8.75,8.60,8.64,46100,8.64
2006-10-09,8.76,8.99,8.55,8.75,92100,8.75
2006-10-06,8.90,8.95,8.75,8.90,92300,8.90
2006-10-05,8.61,8.88,8.56,8.85,157800,8.85
2006-10-04,9.00,9.40,8.50,8.53,1024900,8.53
2006-10-03,11.18,11.18,10.10,10.15,11900,10.15
2006-10-02,11.23,11.40,11.19,11.30,4500,11.30
2006-09-29,11.45,11.45,11.30,11.31,7800,11.31
2006-09-28,10.50,11.59,10.15,11.38,25900,11.38
2006-09-27,11.20,11.20,10.35,10.60,19200,10.60
2006-09-26,11.30,11.30,11.20,11.20,3800,11.20
2006-09-25,11.32,11.37,11.26,11.37,3500,11.37
2006-09-22,11.26,11.27,11.19,11.27,800,11.27
2006-09-21,10.96,11.60,10.96,11.30,10600,11.30
2006-09-20,11.00,11.00,11.00,11.00,1400,11.00
2006-09-19,10.65,11.04,10.65,11.04,1800,11.04
2006-09-18,10.60,10.70,10.60,10.70,800,10.70
2006-09-15,10.56,10.56,10.56,10.56,1200,10.56
2006-09-14,10.47,10.51,10.47,10.51,500,10.51
2006-09-13,10.40,10.44,10.40,10.44,1500,10.44
2006-09-12,10.41,10.44,10.40,10.40,800,10.40
2006-09-11,10.43,10.43,10.43,10.43,000,10.43
2006-09-08,10.42,10.43,10.42,10.43,400,10.43
2006-09-07,10.35,10.40,10.35,10.40,7900,10.40
2006-09-06,10.30,10.35,10.28,10.35,1800,10.35
2006-09-05,10.25,10.35,10.25,10.35,700,10.35
2006-09-01,10.28,10.38,10.28,10.38,300,10.38
2006-08-31,10.32,10.33,10.31,10.33,1400,10.33
2006-08-30,10.32,10.32,10.32,10.32,1000,10.32
2006-08-29,10.30,10.32,10.30,10.32,400,10.32
2006-08-28,10.35,10.39,10.26,10.26,300,10.26
2006-08-25,10.40,10.40,10.39,10.39,600,10.39
2006-08-24,10.40,10.40,10.40,10.40,400,10.40
2006-08-23,10.30,10.30,10.30,10.30,000,10.30
2006-08-22,10.37,10.38,10.30,10.30,1500,10.30
2006-08-21,10.40,10.40,10.40,10.40,000,10.40
2006-08-18,10.40,10.40,10.40,10.40,200,10.40
2006-08-17,10.30,10.40,10.30,10.40,6400,10.40
2006-08-16,10.20,10.22,10.20,10.22,1100,10.22
2006-08-15,10.45,10.45,10.25,10.25,1800,10.25
2006-08-14,10.55,10.55,10.55,10.55,000,10.55
2006-08-11,10.55,10.55,10.55,10.55,1100,10.55
2006-08-10,10.73,10.73,10.73,10.73,300,10.73
2006-08-09,10.80,10.80,10.63,10.63,7200,10.63
2006-08-08,10.75,10.90,10.70,10.90,6100,10.90
2006-08-07,10.90,10.90,10.83,10.83,400,10.83
2006-08-04,11.00,11.00,11.00,11.00,000,11.00
2006-08-03,11.00,11.00,11.00,11.00,1300,11.00
2006-08-02,11.50,11.50,10.95,11.07,6100,11.07
2006-08-01,11.45,11.69,11.45,11.64,2400,11.64
2006-07-31,11.04,11.35,11.04,11.35,2500,11.35
2006-07-28,1.870037,1.870037,1.830036,1.840037,400,11.04022
2006-07-27,1.940039,1.940039,1.900038,1.900038,1200,11.400227
2006-07-26,2.030041,2.050041,1.850037,1.950039,4700,11.700233
2006-07-25,2.230045,2.240045,2.060041,2.130042,1100,12.780255
2006-07-24,2.150043,2.180044,2.040041,2.080041,3500,12.480249
2006-07-21,2.180044,2.340047,2.180044,2.250045,3600,13.50027
2006-07-20,2.250045,2.260045,2.150043,2.150043,1600,12.900257
2006-07-19,2.240045,2.300046,2.220044,2.250045,1500,13.50027
2006-07-18,2.330046,2.340047,2.240045,2.240045,4000,13.440268
2006-07-17,2.250045,2.400048,2.220044,2.270045,8600,13.620272
2006-07-14,2.090042,2.200044,2.090042,2.190044,3600,13.140263
2006-07-13,2.00004,2.090042,2.00004,2.030041,5300,12.180244
2006-07-12,1.950039,2.00004,1.950039,2.00004,200,12.00024
2006-07-11,1.930039,1.960039,1.930039,1.950039,1800,11.700233
2006-07-10,1.970039,1.99004,1.960039,1.99004,1400,11.940238
2006-07-07,1.950039,1.960039,1.950039,1.950039,1200,11.700233
2006-07-06,1.950039,1.950039,1.930039,1.940039,400,11.640233
2006-07-05,1.900038,1.900038,1.900038,1.900038,000,11.400227
2006-07-03,1.890038,1.900038,1.890038,1.900038,400,11.400227
2006-06-30,1.860037,1.890038,1.860037,1.890038,000,11.340227
2006-06-29,1.890038,1.890038,1.880037,1.880037,000,11.280225
2006-06-28,1.900038,1.900038,1.900038,1.900038,100,11.400227
2006-06-27,1.98004,1.99004,1.920038,1.920038,900,11.52023
2006-06-26,1.840037,1.950039,1.830036,1.950039,2000,11.700233
2006-06-23,1.770035,1.770035,1.770035,1.770035,100,10.620212
2006-06-22,1.740035,1.790036,1.740035,1.740035,100,10.440208
2006-06-21,1.820036,1.840037,1.720034,1.750035,1200,10.50021
2006-06-20,1.900038,1.940039,1.900038,1.900038,500,11.400227
2006-06-19,1.940039,1.940039,1.850037,1.850037,100,11.100222
2006-06-16,1.940039,1.940039,1.940039,1.940039,000,11.640233
2006-06-15,1.930039,1.930039,1.880037,1.920038,200,11.52023
2006-06-14,1.950039,1.950039,1.930039,1.930039,400,11.580231
2006-06-13,1.930039,1.99004,1.930039,1.98004,1500,11.880237
2006-06-12,1.850037,1.850037,1.850037,1.850037,000,11.100222
2006-06-09,1.800036,1.800036,1.800036,1.800036,000,10.800216
2006-06-08,1.850037,1.850037,1.800036,1.800036,100,10.800216
2006-06-07,1.830036,1.830036,1.830036,1.830036,000,10.980219
2006-06-06,1.810036,1.830036,1.810036,1.830036,100,10.980219
2006-06-05,1.840037,1.850037,1.830036,1.850037,100,11.100222
2006-06-02,1.810036,1.820036,1.810036,1.820036,000,10.920218
2006-06-01,1.810036,1.810036,1.810036,1.810036,000,10.860217
2006-05-31,1.810036,1.810036,1.810036,1.810036,000,10.860217
2006-05-30,1.810036,1.810036,1.810036,1.810036,000,10.860217
2006-05-26,1.810036,1.810036,1.810036,1.810036,000,10.860217
2006-05-25,1.850037,1.950039,1.850037,1.890038,700,11.340227
2006-05-24,1.900038,1.900038,1.900038,1.900038,000,11.400227
2006-05-23,1.830036,1.900038,1.830036,1.900038,400,11.400227
2006-05-22,1.850037,1.850037,1.850037,1.850037,000,11.100222
2006-05-19,1.790036,1.820036,1.790036,1.820036,100,10.920218
2006-05-18,1.800036,1.800036,1.800036,1.800036,000,10.800216
2006-05-17,1.820036,1.820036,1.820036,1.820036,000,10.920218
2006-05-16,1.840037,1.840037,1.750035,1.820036,1200,10.920218
2006-05-15,1.860037,1.860037,1.850037,1.850037,500,11.100222
2006-05-12,1.860037,1.940039,1.850037,1.860037,900,11.160223
2006-05-11,1.900038,1.950039,1.900038,1.950039,100,11.700233
2006-05-10,1.920038,1.970039,1.900038,1.900038,400,11.400227
2006-05-09,1.840037,2.00004,1.840037,1.970039,800,11.820236
2006-05-08,1.800036,1.800036,1.780036,1.780036,500,10.680214
2006-05-05,1.890038,1.890038,1.700034,1.800036,2800,10.800216
2006-05-04,1.900038,1.900038,1.810036,1.890038,200,11.340227
2006-05-03,1.900038,1.900038,1.800036,1.810036,700,10.860217
2006-05-02,1.800036,1.800036,1.800036,1.800036,400,10.800216
2006-05-01,1.750035,2.00004,1.750035,1.800036,4000,10.800216
2006-04-28,1.690034,1.750035,1.690034,1.700034,2400,10.200203
2006-04-27,1.810036,1.810036,1.710034,1.710034,2100,10.260205
2006-04-26,1.810036,1.810036,1.810036,1.810036,100,10.860217
2006-04-25,1.900038,1.900038,1.800036,1.870037,1500,11.220224
2006-04-24,1.800036,1.800036,1.800036,1.800036,000,10.800216
2006-04-21,1.750035,1.750035,1.750035,1.750035,300,10.50021
2006-04-20,1.690034,1.690034,1.690034,1.690034,000,10.140203
2006-04-19,1.690034,1.690034,1.690034,1.690034,000,10.140203
2006-04-18,1.610032,1.700034,1.610032,1.700034,1300,10.200203
2006-04-17,1.550031,1.700034,1.550031,1.680034,2600,10.080201
2006-04-13,1.550031,1.550031,1.550031,1.550031,000,9.300186
2006-04-12,1.550031,1.590032,1.550031,1.550031,400,9.300186
2006-04-11,1.460029,1.48003,1.420028,1.48003,700,8.880177
2006-04-10,1.50003,1.550031,1.450029,1.450029,800,8.700174
2006-04-07,1.650033,1.650033,1.580031,1.580031,300,9.480189
2006-04-06,1.550031,1.560031,1.50003,1.560031,000,9.360187
2006-04-05,1.600032,1.600032,1.470029,1.560031,2700,9.360187
2006-04-04,1.690034,1.690034,1.690034,1.690034,000,10.140203
2006-04-03,1.610032,1.680034,1.610032,1.680034,100,10.080201
2006-03-31,1.690034,1.690034,1.690034,1.690034,100,10.140203
2006-03-30,1.660033,1.680034,1.560031,1.680034,1100,10.080201
2006-03-29,1.680034,1.690034,1.680034,1.690034,100,10.140203
2006-03-28,1.660033,1.660033,1.660033,1.660033,200,9.960199
2006-03-27,1.700034,1.700034,1.660033,1.660033,700,9.960199
2006-03-24,1.700034,1.700034,1.700034,1.700034,100,10.200203
2006-03-23,1.760035,1.760035,1.690034,1.700034,700,10.200203
2006-03-22,1.730035,1.730035,1.730035,1.730035,000,10.380207
2006-03-21,1.790036,1.790036,1.790036,1.790036,000,10.740214
2006-03-20,1.800036,1.800036,1.750035,1.790036,600,10.740214
2006-03-17,1.830036,1.830036,1.700034,1.750035,500,10.50021
2006-03-16,1.840037,1.840037,1.810036,1.810036,500,10.860217
2006-03-15,1.800036,1.820036,1.800036,1.820036,100,10.920218
2006-03-14,1.850037,1.850037,1.850037,1.850037,000,11.100222
2006-03-13,1.840037,1.850037,1.840037,1.850037,100,11.100222
2006-03-10,1.850037,1.850037,1.800036,1.820036,600,10.920218
2006-03-09,1.800036,1.850037,1.750035,1.840037,600,11.04022
2006-03-08,1.800036,1.800036,1.700034,1.700034,1200,10.200203
2006-03-07,1.800036,1.800036,1.800036,1.800036,200,10.800216
2006-03-06,1.800036,1.800036,1.800036,1.800036,400,10.800216
2006-03-03,1.780036,1.850037,1.780036,1.800036,500,10.800216
2006-03-02,1.840037,1.840037,1.760035,1.760035,200,10.560211
2006-03-01,1.920038,1.930039,1.920038,1.930039,200,11.580231
2006-02-28,1.860037,1.920038,1.860037,1.920038,200,11.52023
2006-02-27,1.900038,1.900038,1.810036,1.840037,3100,11.04022
2006-02-24,2.00004,2.00004,2.00004,2.00004,300,12.00024
2006-02-23,2.02004,2.02004,1.99004,2.00004,2600,12.00024
2006-02-22,2.00004,2.00004,2.00004,2.00004,1800,12.00024
2006-02-21,1.920038,2.050041,1.920038,1.950039,2100,11.700233
2006-02-17,2.00004,2.00004,1.900038,1.900038,300,11.400227
2006-02-16,2.00004,2.00004,1.98004,1.98004,700,11.880237
2006-02-15,1.870037,2.00004,1.870037,2.00004,3000,12.00024
2006-02-14,1.950039,2.00004,1.950039,1.970039,2300,11.820236
2006-02-13,1.880037,1.900038,1.880037,1.900038,100,11.400227
2006-02-10,1.880037,1.880037,1.880037,1.880037,000,11.280225
2006-02-09,1.900038,1.930039,1.900038,1.930039,1100,11.580231
2006-02-08,1.900038,1.900038,1.890038,1.890038,100,11.340227
2006-02-07,1.910038,1.910038,1.900038,1.900038,200,11.400227
2006-02-06,1.910038,1.910038,1.910038,1.910038,200,11.460229
2006-02-03,1.880037,1.910038,1.880037,1.910038,2100,11.460229
2006-02-02,1.790036,1.870037,1.790036,1.870037,2700,11.220224
2006-02-01,1.790036,1.790036,1.790036,1.790036,400,10.740214
2006-01-31,1.700034,1.790036,1.700034,1.790036,800,10.740214
2006-01-30,1.770035,1.790036,1.770035,1.790036,1000,10.740214
2006-01-27,1.770035,1.770035,1.760035,1.770035,600,10.620212
2006-01-26,1.700034,1.750035,1.700034,1.750035,400,10.50021
2006-01-25,1.730035,1.750035,1.730035,1.750035,1400,10.50021
2006-01-24,1.650033,1.730035,1.650033,1.680034,2100,10.080201
2006-01-23,1.550031,1.650033,1.550031,1.650033,100,9.900197
2006-01-20,1.650033,1.650033,1.50003,1.52003,1500,9.120182
2006-01-19,1.710034,1.710034,1.710034,1.710034,300,10.260205
2006-01-18,1.710034,1.710034,1.710034,1.710034,600,10.260205
2006-01-17,1.690034,1.710034,1.620032,1.690034,2400,10.140203
2006-01-13,1.660033,1.690034,1.660033,1.690034,1200,10.140203
2006-01-12,1.580031,1.630033,1.430029,1.630033,3500,9.780195
2006-01-11,1.470029,1.550031,1.470029,1.550031,1900,9.300186
2006-01-10,1.440029,1.550031,1.440029,1.460029,1900,8.760175
2006-01-09,1.430029,1.440029,1.430029,1.440029,1400,8.640173
2006-01-06,1.400028,1.420028,1.390028,1.400028,1100,8.400167
2006-01-05,1.390028,1.400028,1.390028,1.400028,400,8.400167
2006-01-04,1.380028,1.400028,1.380028,1.400028,1000,8.400167
2006-01-03,1.360027,1.380028,1.360027,1.380028,1600,8.280165
